150
17 16 16 16 16 16 16 16 16 16 15 15 15 15 15 15 15 15 15 14 14 14 14 14 14 14 14 14 14 14 14 14 14 14 14 14 14 14 15 15 15 15 15 15 15 15 15 15 16 5 5 5 16 16 16 16 16 16 16 16 16 16 16 16 16 16 15 15 15 15 15 15 15 15 15 15 14 14 14 14 14 14 14 14 14 14 14 14 14 14 14 14 14 14 14 15 15 15 15 15 15 15 15 15 16 8 8 8 8 16 16 16 16 16 16 16 16 16 16 16 16 16 16 15 15 15 15 15 15 15 15 15 14 14 14 14 14 14 14 14 14 14 14 14 14 14 14 14 14 14
17 17 17 17 17 16 16 16 16 16 16 15 15 15 15 15 15 15 15 15 15 14 14 14 14 14 14 14 14 14 14 14 14 14 14 14 14 15 15 15 15 15 15 15 15 15 16 16 16 5 5 5 5 17 17 17 17 17 17 17 17 17 16 16 16 16 16 16 15 15 15 15 15 15 15 15 15 14 14 14 14 14 14 14 14 14 14 14 14 14 14 14 14 15 15 15 15 15 15 15 15 15 15 16 16 8 8 8 8 17 17 17 17 17 17 17 17 17 16 16 16 16 16 16 15 15 15 15 15 15 15 15 15 15 14 14 14 14 14 14 14 14 14 14 14 14 14 14 14 14
17 17 17 17 17 17 17 16 16 16 16 16 16 15 15 15 15 15 15 15 15 15 15 14 14 14 14 14 14 14 14 14 14 14 14 15 15 15 15 15 15 15 15 15 15 16 16 16 16 5 5 5 5 17 17 17 17 17 17 17 17 17 17 17 16 16 16 16 16 15 15 15 15 15 15 15 15 15 15 14 14 14 14 14 14 14 14 14 14 14 14 15 15 15 15 15 15 15 15 15 15 16 16 16 16 8 8 8 17 17 17 17 17 17 17 17 17 17 17 17 17 16 16 16 16 16 15 15 15 15 15 15 15 15 15 15 14 14 14 14 14 14 14 14 14 14 14 14 15 15
17 17 17 17 17 17 17 17 17 16 16 16 16 16 15 15 15 15 15 15 15 15 15 15 15 14 14 14 14 14 14 14 15 15 15 15 15 15 15 15 15 15 15 15 16 16 16 16 16 17 5 5 5 5 17 17 17 17 17 17 17 17 17 17 17 17 16 16 16 16 15 15 15 15 15 15 15 15 15 15 15 15 14 14 14 14 14 14 14 15 15 15 15 15 15 15 15 15 15 15 16 16 16 16 16 8 8 8 17 17 17 17 17 17 17 17 17 17 17 17 17 17 16 16 16 16 16 15 15 15 15 15 15 15 15 15 15 15 14 14 14 14 14 14 14 14 15 15 15 15
18 18 18 17 17 17 17 17 17 17 16 16 16 16 16 15 15 15 15 15 15 15 15 15 15 15 15 15 15 15 15 15 15 15 15 15 15 15 15 15 15 15 15 16 16 16 16 17 17 17 5 5 5 5 18 18 18 18 18 18 17 17 17 17 17 17 17 16 16 16 16 16 15 15 15 15 15 15 15 15 15 15 15 15 15 15 15 15 15 15 15 15 15 15 15 15 15 15 15 16 16 16 16 16 17 8 8 8 17 17 17 18 18 18 18 18 17 17 17 17 17 17 17 16 16 16 16 16 15 15 15 15 15 15 15 15 15 15 15 15 15 15 15 15 15 15 15 15 15 15
18 18 18 18 18 18 17 17 17 17 17 16 16 16 16 16 15 15 15 15 15 15 15 15 15 15 15 15 15 15 15 15 15 15 15 15 15 15 15 15 15 15 16 16 16 16 17 17 17 17 17 5 5 5 5 18 18 18 18 18 18 18 17 17 17 17 17 17 16 16 16 16 16 15 15 15 15 15 15 15 15 15 15 15 15 15 15 15 15 15 15 15 15 15 15 15 15 15 16 16 16 16 16 17 17 8 8 8 17 18 18 18 18 18 18 18 18 18 18 17 17 17 17 17 17 16 16 16 16 15 15 15 15 15 15 15 15 15 15 15 15 15 15 15 15 15 15 15 15 15
18 18 18 18 18 18 18 17 17 17 17 17 16 16 16 16 16 15 15 15 15 15 15 15 15 15 15 15 15 15 15 15 15 15 15 15 15 15 15 15 15 16 16 16 16 17 17 17 17 17 18 5 5 5 5 18 18 18 18 18 18 18 18 18 17 17 17 17 17 16 16 16 16 16 15 15 15 15 15 15 15 15 15 15 15 15 15 15 15 15 15 15 15 15 15 15 15 16 16 16 16 16 17 17 17 8 8 8 18 18 18 18 18 18 18 18 18 18 18 18 17 17 17 17 17 17 16 16 16 16 15 15 15 15 15 15 15 15 15 15 15 15 15 15 15 15 15 15 15 15
18 18 18 18 18 18 18 18 17 17 17 17 17 16 16 16 16 16 15 15 15 15 15 15 15 15 15 15 15 15 15 15 15 15 15 15 15 15 15 15 16 16 16 16 17 17 17 17 17 18 18 18 5 5 5 5 18 18 18 18 18 18 18 18 18 17 17 17 17 17 16 16 16 16 15 15 15 15 15 15 15 15 15 15 15 15 15 15 15 15 15 15 15 15 15 15 16 16 16 16 16 17 17 17 8 8 8 8 18 18 18 18 18 18 18 18 18 18 18 18 18 17 17 17 17 17 16 16 16 16 16 15 15 15 15 15 15 15 15 15 15 15 15 15 15 15 15 15 15 15
18 18 18 18 18 18 18 18 18 17 17 17 17 17 16 16 16 16 15 15 15 15 15 15 15 15 15 15 15 15 15 15 15 15 15 15 15 15 15 16 16 16 16 16 17 17 17 17 17 18 18 18 5 5 5 5 18 18 18 18 18 18 18 18 18 18 17 17 17 17 16 16 16 16 16 15 15 15 15 15 15 15 15 15 15 15 15 15 15 15 15 15 15 15 15 15 16 16 16 16 17 17 17 17 8 8 8 8 18 18 18 18 18 18 18 18 18 18 18 18 18 18 17 17 17 17 17 16 16 16 16 16 15 15 15 15 15 15 15 15 15 15 15 15 15 15 15 15 15 15
18 18 18 18 18 18 18 18 18 18 18 18 18 18 17 17 17 17 17 16 16 16 16 16 16 16 16 16 16 16 16 16 16 16 16 16 16 16 16 17 17 17 17 18 18 18 18 18 19 19 19 19 19 5 5 5 19 19 19 19 19 19 19 19 19 19 18 18 18 18 18 17 17 17 17 16 16 16 16 16 16 16 16 16 16 16 16 16 16 16 16 16 16 16 16 17 17 17 17 17 18 18 18 18 8 8 8 19 19 19 19 19 19 19 19 19 19 19 19 19 19 19 19 18 18 18 18 17 17 17 17 17 16 16 16 16 16 16 16 16 16 15 15 15 15 15 15 15 15 15
18 18 18 18 18 18 18 18 18 19 18 18 18 18 18 17 17 17 17 16 16 16 16 16 16 16 16 16 16 16 16 16 16 16 16 16 16 16 17 17 17 17 17 18 18 18 18 18 19 19 19 19 19 5 5 5 5 19 19 19 19 19 19 19 19 19 18 18 18 18 18 17 17 17 17 17 16 16 16 16 16 16 16 16 16 16 16 16 16 16 16 16 16 16 16 17 17 17 17 17 18 18 18 8 8 8 8 19 19 19 19 19 19 19 19 19 19 19 19 19 19 19 19 18 18 18 18 18 17 17 17 17 16 16 16 16 16 16 16 16 16 15 15 15 15 15 15 15 15 15
18 18 18 18 18 18 18 18 18 19 18 18 18 18 18 17 17 17 17 16 16 16 16 16 16 16 16 16 16 16 16 16 16 16 16 16 16 16 17 17 17 17 17 18 18 18 18 18 19 19 19 19 19 5 5 5 5 19 19 19 19 19 19 19 19 19 18 18 18 18 18 17 17 17 17 17 16 16 16 16 16 16 16 16 16 16 16 16 16 16 16 16 16 16 16 17 17 17 17 18 18 18 18 8 8 8 8 19 19 19 19 19 19 19 19 19 19 19 19 19 19 19 19 18 18 18 18 18 17 17 17 17 16 16 16 16 16 16 16 16 16 15 15 15 15 15 15 15 15 15
18 18 18 18 18 18 18 18 18 19 18 18 18 18 18 17 17 17 17 16 16 16 16 16 16 16 16 16 16 16 16 16 16 16 16 16 16 16 17 17 17 17 17 18 18 18 18 18 19 19 19 19 19 19 5 5 5 5 19 19 19 19 19 19 19 19 18 18 18 18 18 17 17 17 17 17 16 16 16 16 16 16 16 16 16 16 16 16 16 16 16 16 16 16 16 17 17 17 17 17 18 18 8 8 8 8 19 19 19 19 19 19 19 19 19 19 19 19 19 19 19 19 19 18 18 18 18 18 17 17 17 17 16 16 16 16 16 16 16 16 16 15 15 15 15 15 15 15 15 15
18 18 18 18 18 18 18 18 18 18 18 18 18 18 17 17 17 17 17 16 16 16 16 16 16 16 16 16 16 16 16 16 16 16 16 16 16 16 16 17 17 17 17 18 18 18 18 18 19 19 19 19 19 19 5 5 5 5 19 19 19 19 19 19 19 19 18 18 18 18 18 17 17 17 17 16 16 16 16 16 16 16 16 16 16 16 16 16 16 16 16 16 16 16 16 17 17 17 17 17 18 18 8 8 8 8 19 19 19 19 19 19 19 19 19 19 19 19 19 19 19 19 19 18 18 18 18 17 17 17 17 17 16 16 16 16 16 16 16 16 16 15 15 15 15 15 15 15 15 15
18 18 18 18 18 18 18 18 18 18 18 18 18 18 17 17 17 17 16 16 16 16 16 16 16 16 16 16 16 16 16 16 16 16 16 16 16 16 16 17 17 17 17 17 18 18 18 18 18 19 19 19 19 19 19 5 5 5 19 19 19 19 19 19 19 18 18 18 18 18 17 17 17 17 17 16 16 16 16 16 16 16 16 16 16 16 16 16 16 16 16 16 16 16 16 16 17 17 17 17 18 8 8 8 8 19 19 19 19 19 19 19 19 19 19 19 19 19 19 19 19 19 18 18 18 18 18 17 17 17 17 17 16 16 16 16 16 16 16 16 16 15 15 15 15 15 15 15 15 15
18 18 18 18 18 18 18 18 17 18 18 18 18 17 17 17 17 17 16 16 16 16 16 16 16 16 16 16 16 16 16 16 16 16 16 16 16 16 16 16 17 17 17 17 18 18 18 18 18 19 19 19 19 19 19 5 5 5 5 19 19 19 19 19 19 18 18 18 18 18 17 17 17 17 16 16 16 16 16 16 16 16 16 16 16 16 16 16 16 16 16 16 16 16 16 16 17 17 17 17 17 8 8 8 8 18 19 19 19 19 19 19 19 19 19 19 19 19 19 19 19 18 18 18 18 18 17 17 17 17 17 16 16 16 16 16 16 16 16 16 16 15 15 15 15 15 15 15 15 15
18 18 18 18 18 18 18 17 17 18 18 18 17 17 17 17 17 16 16 16 16 16 16 16 16 16 16 16 16 16 16 16 16 16 16 16 16 16 16 16 16 17 17 17 17 18 18 18 18 18 19 19 19 19 19 5 5 5 5 19 19 19 19 19 18 18 18 18 18 17 17 17 17 17 16 16 16 16 16 16 16 16 16 16 16 16 16 16 16 16 16 16 16 16 16 16 16 17 17 17 8 8 8 8 18 18 18 19 19 19 19 19 19 19 19 19 19 19 19 19 18 18 18 18 18 18 17 17 17 17 16 16 16 16 16 16 16 16 16 16 16 15 15 15 15 15 15 15 15 15
18 18 18 18 18 18 17 17 17 18 18 17 17 17 17 17 16 17 17 17 17 17 17 17 17 17 17 17 17 17 17 17 17 17 17 17 17 17 17 17 17 17 18 18 18 18 19 19 19 19 19 19 20 20 20 20 5 5 5 20 20 20 19 19 19 19 19 19 18 18 18 18 18 17 17 17 17 17 17 17 17 17 17 17 17 17 17 17 17 17 17 17 17 17 17 17 17 17 18 18 8 8 8 8 19 19 19 19 19 20 20 20 20 20 20 20 20 20 20 19 19 19 19 19 19 18 18 18 18 17 17 17 17 16 16 16 16 16 16 16 16 15 15 15 15 15 15 15 15 15
18 18 18 17 17 17 17 17 17 18 17 17 17 17 17 16 16 17 17 17 17 17 17 17 17 17 17 17 17 17 17 17 17 17 17 17 17 17 17 17 17 17 17 18 18 18 18 19 19 19 19 19 19 19 19 20 5 5 5 20 19 19 19 19 19 19 19 18 18 18 18 18 17 17 17 17 17 17 17 17 17 17 17 17 17 17 17 17 17 17 17 17 17 17 17 17 17 17 17 8 8 8 8 18 19 19 19 19 19 19 19 20 20 20 20 20 19 19 19 19 19 19 19 18 18 18 18 18 17 17 17 17 17 16 16 16 16 16 16 16 16 15 15 15 15 15 15 15 15 15
17 17 17 17 17 17 17 17 17 17 17 17 17 17 16 16 16 17 17 17 17 17 17 17 17 16 16 16 16 16 16 16 16 17 17 17 17 17 17 17 17 17 17 17 18 18 18 18 18 19 19 19 19 19 19 19 5 5 5 19 19 19 19 19 19 19 18 18 18 18 17 17 17 17 17 17 17 17 17 17 17 17 16 16 16 16 16 16 16 17 17 17 17 17 17 17 17 17 17 8 8 8 8 18 18 19 19 19 19 19 19 19 19 19 19 19 19 19 19 19 19 19 18 18 18 18 18 17 17 17 17 17 17 16 16 16 16 16 15 15 15 14 14 14 14 14 15 15 15 15
17 17 17 17 17 17 17 16 16 17 17 17 17 16 16 16 16 17 17 17 17 17 17 16 16 16 16 16 16 16 16 16 16 16 16 17 17 17 17 17 17 17 17 17 17 18 18 18 18 18 19 19 19 19 19 19 5 5 5 19 19 19 19 19 18 18 18 18 18 17 17 17 17 17 17 17 17 17 17 16 16 16 16 16 16 16 16 16 16 16 16 17 17 17 17 17 17 17 17 8 8 8 18 18 18 18 18 19 19 19 19 19 19 19 19 19 19 19 19 19 19 18 18 18 18 18 17 17 17 17 17 17 17 16 16 16 15 15 15 15 15 14 14 14 14 14 14 14 15 15
17 17 17 17 17 16 16 16 16 17 17 16 16 16 16 16 16 17 17 17 17 16 16 16 16 16 16 16 16 16 16 16 16 16 16 16 16 17 17 17 17 17 17 17 17 17 18 18 18 18 18 18 19 19 19 19 5 5 5 19 19 19 18 18 18 18 18 18 17 17 17 17 17 17 17 17 17 16 16 16 16 16 16 16 16 16 16 16 16 16 16 16 16 17 17 17 17 17 17 8 8 8 17 18 18 18 18 18 18 19 19 19 19 19 19 19 19 19 18 18 18 18 18 18 17 17 17 17 17 17 17 17 17 16 15 15 15 15 15 15 15 14 14 14 14 14 14 14 14 14
16 16 16 16 16 16 16 16 16 17 16 16 16 16 16 16 16 17 17 16 16 16 16 16 16 16 16 16 15 16 16 16 16 16 16 16 16 16 17 17 17 17 17 17 17 17 17 17 18 18 18 18 18 18 18 18 5 5 5 18 18 18 18 18 18 18 17 17 17 17 17 17 17 17 17 17 16 16 16 16 16 16 16 16 16 15 16 16 16 16 16 16 16 16 16 17 17 17 8 8 8 8 17 17 18 18 18 18 18 18 18 18 18 18 18 18 18 18 18 18 18 18 18 17 17 17 17 17 17 17 17 17 16 15 15 15 15 15 15 15 15 13 14 14 14 14 14 14 14 14
16 16 16 16 16 16 16 16 15 16 16 16 16 16 16 16 16 17 16 16 16 16 16 16 15 15 15 15 15 15 15 15 15 15 16 16 16 16 16 16 17 17 17 17 17 17 17 17 17 18 18 18 18 18 18 18 5 5 5 18 18 18 18 18 18 17 17 17 17 17 17 17 17 17 16 16 16 16 16 16 15 15 15 15 15 15 15 15 15 15 16 16 16 16 16 16 17 17 8 8 8 8 17 17 17 17 18 18 18 18 18 18 18 18 18 18 18 18 18 18 18 17 17 17 17 17 17 17 17 17 17 16 16 15 15 15 15 14 14 14 14 13 13 13 13 13 13 14 14 14
16 16 16 16 16 16 16 15 15 16 16 16 16 16 16 16 16 16 16 16 16 16 15 15 15 15 15 15 15 15 15 15 15 15 15 15 16 16 16 16 16 17 17 17 17 17 17 17 17 17 17 18 18 18 18 18 5 5 5 18 18 18 18 17 17 17 17 17 17 17 17 17 17 16 16 16 16 16 15 15 15 15 15 15 15 15 15 15 15 15 15 15 16 16 16 16 16 8 8 8 8 17 17 17 17 17 17 17 18 18 18 18 18 18 18 18 18 18 18 18 17 17 17 17 17 17 17 17 17 17 16 16 16 15 15 14 14 14 14 14 14 13 13 13 13 13 13 13 13 14
16 16 16 16 15 15 15 15 15 16 16 16 16 16 16 15 15 16 16 16 15 15 15 15 15 16 16 16 16 16 16 16 16 16 16 16 16 17 17 17 17 17 18 18 18 18 18 18 18 18 18 18 18 19 19 19 5 5 5 19 19 18 18 18 18 18 18 18 18 18 18 18 17 17 17 17 17 16 16 16 16 16 16 16 16 16 16 16 16 16 16 16 16 16 17 17 17 8 8 8 8 18 18 18 18 18 18 18 18 18 19 19 19 19 19 19 19 18 18 18 18 18 18 18 18 17 17 17 16 16 16 16 16 14 14 14 14 14 14 14 14 13 13 13 13 13 13 13 13 13
15 15 15 15 15 15 15 15 15 16 16 16 16 16 15 15 15 16 16 15 15 15 15 15 15 16 15 15 15 15 15 16 16 16 16 16 16 16 16 17 17 17 17 18 18 18 18 18 18 18 18 18 18 18 18 18 5 5 5 18 18 18 18 18 18 18 18 18 18 18 18 17 17 17 17 16 16 16 16 16 16 16 16 15 15 15 15 15 16 16 16 16 16 16 16 17 8 8 8 8 18 18 18 18 18 18 18 18 18 18 18 18 18 18 18 18 18 18 18 18 18 18 18 18 18 17 17 16 16 16 16 16 15 14 14 14 14 14 14 13 13 12 12 12 13 13 13 13 13 13
15 15 15 15 15 15 15 15 15 16 16 16 16 15 15 15 15 16 15 15 15 15 15 15 14 15 15 15 15 15 15 15 15 15 16 16 16 16 16 16 17 17 17 17 18 18 18 18 18 18 18 18 18 18 18 18 5 5 5 18 18 18 18 18 18 18 18 18 18 18 17 17 17 17 16 16 16 16 16 16 15 15 15 15 15 15 15 15 15 15 16 16 16 16 16 16 8 8 8 8 17 18 18 18 18 18 18 18 18 18 18 18 18 18 18 18 18 18 18 18 18 18 18 18 18 17 16 16 16 16 16 15 15 14 14 14 14 13 13 13 13 12 12 12 12 12 12 13 13 13
15 15 15 15 15 15 15 15 15 16 16 16 15 15 15 15 15 15 15 15 15 15 14 14 14 15 15 15 15 15 15 15 15 15 15 16 16 16 16 16 16 17 17 17 17 18 18 18 18 18 18 18 18 18 18 18 5 5 5 18 18 18 18 18 18 18 18 18 18 17 17 17 17 16 16 16 16 16 16 15 15 15 15 15 15 15 15 15 15 15 15 15 16 16 16 8 8 8 8 17 17 17 18 18 18 18 18 18 18 18 18 18 18 18 18 18 18 18 18 18 18 18 18 18 18 16 16 16 16 16 15 15 15 14 14 13 13 13 13 13 13 12 12 12 12 12 12 12 13 13
15 15 15 15 15 15 15 15 15 16 16 15 15 15 15 15 14 15 15 15 15 14 14 14 14 15 15 15 15 15 15 15 15 15 15 15 16 16 16 16 16 17 17 17 17 17 18 18 18 18 18 18 18 18 18 18 5 5 5 18 18 18 18 18 18 18 18 18 17 17 17 17 17 16 16 16 16 16 15 15 15 15 15 15 15 15 15 15 15 15 15 15 15 16 16 8 8 8 8 17 17 17 17 18 18 18 18 18 18 18 18 18 18 18 18 18 18 18 18 18 18 18 18 18 18 16 16 16 16 15 15 15 15 14 13 13 13 13 13 13 13 12 12 12 12 12 12 12 12 12
15 15 15 15 15 15 15 15 15 16 16 15 15 15 15 14 14 15 15 15 14 14 14 14 14 15 15 15 15 15 15 15 15 15 15 15 15 16 16 16 16 16 17 17 17 17 17 18 18 18 18 18 18 18 18 18 5 5 5 18 18 18 18 18 18 18 18 17 17 17 17 17 16 16 16 16 16 15 15 15 15 15 15 15 15 15 15 15 15 15 15 15 15 15 8 8 8 8 16 17 17 17 17 18 18 18 18 18 18 18 18 18 18 18 18 18 18 18 18 18 18 18 18 18 17 16 16 16 16 15 15 15 15 13 13 13 13 13 13 13 13 12 12 12 12 12 12 12 12 12
15 15 15 15 15 15 15 15 15 16 15 15 15 15 15 14 14 15 15 15 14 14 14 14 14 15 15 15 15 15 15 15 15 15 15 15 15 15 16 16 16 16 16 17 17 17 17 18 18 18 18 18 18 18 18 5 5 5 5 18 18 18 18 18 18 18 18 17 17 17 17 17 16 16 16 16 15 15 15 15 15 15 15 15 15 15 15 15 15 15 15 15 15 15 8 8 8 8 16 17 17 17 17 17 18 18 18 18 18 18 18 18 18 18 18 18 18 18 18 18 18 18 18 17 17 16 16 16 15 15 15 15 15 13 13 13 13 13 13 13 13 12 12 12 12 12 12 12 12 12
15 15 15 15 15 15 15 15 15 16 15 15 15 15 15 14 14 15 15 14 14 14 14 14 14 15 15 15 15 15 15 15 15 15 15 15 15 15 16 16 16 16 16 17 17 17 17 17 18 18 18 18 18 18 18 5 5 5 5 18 18 18 18 18 18 18 18 17 17 17 17 16 16 16 16 16 15 15 15 15 15 15 15 15 15 15 15 15 15 15 15 15 15 15 8 8 8 16 16 17 17 17 17 17 18 18 18 18 18 18 18 18 18 18 18 18 18 18 18 18 18 18 18 17 17 16 16 16 15 15 15 15 15 13 13 13 13 13 13 13 13 12 12 12 12 12 12 12 12 12
15 15 15 15 15 15 15 15 15 16 15 15 15 15 15 14 14 15 15 14 14 14 14 14 14 15 15 15 15 15 15 15 15 15 15 15 15 15 16 16 16 16 16 17 17 17 17 17 18 18 18 18 18 18 18 5 5 5 18 18 18 18 18 18 18 18 17 17 17 17 17 16 16 16 16 16 15 15 15 15 15 15 15 15 15 15 15 15 15 15 15 15 15 8 8 8 8 16 16 17 17 17 17 17 18 18 18 18 18 18 18 18 18 18 18 18 18 18 18 18 18 18 18 17 17 16 16 16 15 15 15 15 14 13 13 13 13 13 13 13 13 12 12 12 12 12 12 12 12 12
15 15 15 15 15 15 15 15 15 16 15 15 15 15 15 14 14 15 15 14 14 14 14 14 14 15 15 15 15 15 15 15 15 15 16 16 16 16 17 17 17 17 17 18 18 18 18 18 19 19 19 19 19 19 5 5 5 5 19 19 19 19 19 19 19 19 19 18 18 18 18 17 17 17 17 17 16 16 16 16 16 16 16 16 16 16 16 16 16 16 16 16 16 8 8 8 8 17 17 18 18 18 18 18 19 19 19 19 19 19 19 19 19 19 19 19 18 18 18 18 18 18 18 17 17 16 16 16 15 15 15 15 15 13 13 13 13 13 13 13 13 12 12 12 12 12 12 12 12 12
15 15 15 15 15 15 15 15 15 16 15 15 15 15 15 14 14 15 15 15 14 14 14 14 14 15 15 15 15 15 15 15 15 15 16 16 16 16 17 17 17 17 17 18 18 18 18 19 19 19 19 19 19 19 5 5 5 5 19 19 19 19 19 19 19 19 19 18 18 18 18 18 17 17 17 17 16 16 16 16 16 16 16 16 16 16 16 16 16 16 16 16 16 8 8 8 17 17 17 18 18 18 18 18 19 19 19 19 19 19 19 19 19 19 19 19 18 18 18 18 18 18 18 17 17 16 16 16 15 15 15 15 15 13 13 13 13 13 13 13 13 12 12 12 12 12 12 12 12 12
15 15 15 15 15 15 15 15 15 16 16 15 15 15 15 14 14 15 15 15 14 14 14 14 14 15 15 15 15 15 15 15 15 15 16 16 16 17 17 17 17 17 18 18 18 18 18 19 19 19 19 19 19 5 5 5 5 19 19 19 19 19 19 19 19 19 19 18 18 18 18 18 17 17 17 17 17 16 16 16 16 16 16 16 16 16 16 16 16 16 16 16 16 8 8 8 17 17 17 18 18 18 18 19 19 19 19 19 19 19 19 19 19 19 19 19 18 18 18 18 18 18 18 18 17 16 16 16 16 15 15 15 15 13 13 13 13 13 13 13 13 12 12 12 12 12 12 12 12 12
15 15 15 15 15 15 15 15 15 16 16 16 15 15 15 15 14 15 15 15 15 14 14 14 14 15 15 15 15 15 15 15 15 15 16 16 17 17 17 17 17 18 18 18 18 2 19 19 19 19 19 19 19 5 5 5 5 19 19 19 19 19 19 19 19 19 19 19 18 18 18 18 18 17 17 17 17 17 16 16 16 16 16 16 16 16 16 16 16 16 16 16 16 8 8 8 17 17 18 18 18 18 18 19 19 19 19 19 19 19 19 19 19 19 19 19 18 18 18 18 18 18 18 18 18 16 16 16 16 15 15 15 15 14 13 13 13 13 13 13 13 12 12 12 12 12 12 12 12 12
15 15 15 15 15 15 15 15 15 16 16 16 15 15 15 15 15 15 15 15 15 15 14 14 14 15 15 15 15 15 15 15 15 15 16 17 17 17 17 17 17 18 2 2 2 2 2 2 2 19 19 19 19 5 5 5 19 19 19 19 19 19 19 19 19 19 19 19 19 18 18 18 18 17 17 17 17 17 17 16 16 16 16 16 16 16 16 16 16 16 16 16 17 8 8 8 17 18 18 18 18 18 19 19 19 19 19 19 19 19 19 19 19 19 19 19 18 18 18 18 18 18 18 18 18 16 16 16 16 16 15 15 15 14 14 13 13 13 13 13 13 12 12 12 12 12 12 12 13 13
15 15 15 15 15 15 15 15 15 16 16 16 16 15 15 15 15 16 15 15 15 15 15 15 14 15 15 15 15 15 15 15 15 15 17 17 17 17 17 17 2 2 2 2 2 2 2 2 2 2 2 19 5 5 5 5 19 19 19 19 19 19 19 19 19 19 19 19 19 19 18 18 18 18 17 17 17 17 17 17 16 16 16 16 16 16 16 16 16 16 17 17 17 8 8 8 18 18 18 18 18 19 19 19 19 19 19 19 19 19 19 19 19 19 19 19 18 18 18 18 18 18 18 18 18 17 16 16 16 16 16 15 15 14 14 14 14 13 13 13 13 12 12 12 12 12 12 13 13 13
15 15 15 15 15 15 15 15 15 16 16 16 16 16 15 15 15 16 16 15 15 15 15 15 15 16 15 15 15 15 15 16 16 16 17 17 17 17 17 2 2 2 2 2 2 2 2 2 2 2 2 2 5 5 5 5 19 19 19 19 19 19 19 19 19 19 19 19 19 19 19 18 18 18 18 18 17 17 17 17 17 17 17 16 16 16 16 16 17 17 17 17 17 8 8 8 18 18 18 18 19 19 19 19 19 19 19 19 19 19 19 19 19 19 19 19 18 18 18 18 18 18 18 18 18 17 17 16 16 16 16 16 15 14 14 14 14 14 14 13 13 12 12 12 13 13 13 13 13 13
16 16 16 16 15 15 15 15 15 16 16 16 16 16 16 15 15 16 16 16 15 15 15 15 15 16 16 16 16 16 16 16 16 16 17 17 17 18 18 2 2 2 2 2 2 2 2 2 2 2 2 2 5 5 5 20 20 20 20 20 20 19 19 19 19 19 19 19 19 19 19 19 18 18 18 18 18 17 17 17 17 17 17 17 17 17 17 17 17 17 17 17 17 8 8 8 18 18 18 19 19 19 19 19 19 19 19 19 19 19 20 20 20 20 20 20 19 18 18 18 18 18 18 18 18 17 17 17 17 16 16 16 16 14 14 14 14 14 14 14 14 13 13 13 13 13 13 13 13 13
16 16 16 16 16 16 16 15 15 16 16 16 16 16 16 16 16 16 16 16 16 16 15 15 15 16 16 16 16 16 16 16 16 16 17 17 18 18 2 2 2 2 2 2 2 2 2 2 2 2 2 2 2 5 5 21 21 21 21 21 21 21 21 20 20 20 20 20 20 20 20 20 20 19 19 19 19 19 18 18 18 18 18 18 18 18 18 18 18 18 18 18 19 8 8 8 19 20 20 20 20 20 20 20 20 20 20 20 20 20 20 20 20 20 20 20 19 19 19 19 18 18 18 18 18 17 17 17 17 17 16 16 16 15 15 14 14 14 14 14 14 13 13 13 13 13 13 13 13 14
16 16 16 16 16 16 16 16 15 16 16 16 16 16 16 16 16 17 16 16 16 16 16 16 15 16 16 16 16 16 16 16 16 16 18 18 18 18 2 2 2 2 2 2 2 2 2 2 2 2 2 2 2 5 21 21 21 21 21 21 21 21 21 21 21 20 20 20 20 20 20 20 20 20 20 19 19 19 19 19 19 18 18 18 18 18 18 18 18 18 19 19 19 8 8 8 20 20 20 20 20 20 20 20 20 20 21 21 20 20 20 20 20 20 20 20 19 19 19 19 19 18 18 18 18 17 17 17 17 17 17 16 16 15 15 15 15 14 14 14 14 13 13 13 13 13 13 14 14 14
17 16 16 16 16 16 16 16 16 17 16 16 16 16 16 16 16 17 17 16 16 16 16 16 16 17 17 17 17 17 17 17 17 17 18 18 18 18 2 2 2 2 2 2 2 2 2 2 2 2 2 2 2 5 21 21 22 22 21 21 21 21 21 21 21 21 20 20 20 20 20 20 20 20 20 20 19 19 19 19 19 19 19 19 19 19 19 19 19 19 19 19 19 8 8 8 20 20 20 20 20 20 20 20 21 21 21 21 20 20 20 20 20 21 20 20 19 19 19 19 19 19 19 18 18 17 17 17 17 17 17 17 16 15 15 15 15 15 15 15 15 14 14 14 14 14 14 14 14 14
17 17 17 17 17 16 16 16 16 17 17 16 16 16 16 16 16 17 17 17 17 16 16 16 16 17 17 17 17 17 17 17 17 17 18 18 18 2 2 2 2 2 2 2 2 2 2 2 2 2 2 2 2 2 22 22 22 22 22 22 22 22 21 21 21 21 21 21 20 20 20 20 20 20 20 20 20 19 19 19 19 19 19 19 19 19 19 19 19 19 19 19 19 8 8 8 20 20 20 20 20 20 20 21 21 21 21 21 20 21 21 21 21 21 21 21 20 20 20 19 19 19 19 19 18 17 17 17 17 17 17 17 17 16 15 15 15 15 15 15 15 14 14 14 14 14 14 14 14 14
17 17 17 17 17 17 17 16 16 17 17 17 17 16 16 16 16 17 17 17 17 17 17 16 16 17 17 17 17 17 17 17 17 17 18 19 19 19 2 2 2 2 2 2 2 2 2 2 2 2 2 2 2 22 22 22 22 22 22 22 22 22 22 22 21 21 21 21 21 20 20 20 20 20 20 20 20 20 20 19 19 19 19 19 19 19 19 19 19 19 19 20 20 8 8 8 20 20 20 20 20 21 21 21 21 21 21 22 21 21 21 21 21 21 21 21 20 20 20 20 20 19 19 19 19 18 17 17 17 17 17 17 17 16 16 16 15 15 15 15 15 14 14 14 14 14 14 14 15 15
17 17 17 17 17 17 17 17 17 17 17 17 17 17 16 16 16 17 17 17 17 17 17 17 17 17 17 17 17 17 17 17 18 18 19 19 19 19 2 2 2 2 2 2 2 2 2 2 2 2 2 2 2 22 22 22 22 22 22 22 22 22 22 22 22 22 21 21 21 21 20 20 20 20 20 20 20 20 20 20 20 20 19 19 19 19 19 19 19 20 20 20 20 8 8 8 8 20 20 20 21 21 21 21 21 22 22 22 21 21 21 21 21 21 21 21 20 20 20 20 20 20 19 19 19 18 18 17 17 17 17 17 17 16 16 16 16 16 15 15 15 14 14 14 14 14 15 15 15 15
18 18 18 17 17 17 17 17 17 18 17 17 17 17 17 16 16 17 17 17 17 17 17 17 17 18 18 18 18 18 18 18 18 18 19 19 19 19 2 2 2 2 2 2 2 2 2 2 2 2 2 2 2 22 23 23 23 23 23 23 22 22 22 22 22 22 22 21 21 21 21 21 20 20 20 20 20 20 20 20 20 20 20 20 20 20 20 20 20 20 20 20 20 8 8 8 8 20 20 21 21 21 21 21 22 22 22 22 21 21 21 22 22 22 22 22 20 20 20 20 20 20 20 19 19 18 18 18 17 17 17 17 17 16 16 16 16 16 16 16 16 15 15 15 15 15 15 15 15 15
18 18 18 18 18 18 17 17 17 18 18 17 17 17 17 17 16 17 17 17 17 17 17 17 17 18 18 18 18 18 18 18 18 18 19 19 19 19 19 2 2 2 2 2 2 2 2 2 2 2 2 2 23 23 23 23 23 23 23 23 23 23 22 22 22 22 22 22 21 21 21 21 21 20 20 20 20 20 20 20 20 20 20 20 20 20 20 20 20 20 20 20 20 20 8 8 8 20 21 21 21 21 21 22 22 22 22 22 22 22 22 22 22 22 22 22 21 21 21 20 20 20 20 20 20 18 18 18 18 17 17 17 17 16 16 16 16 16 16 16 16 15 15 15 15 15 15 15 15 15
18 18 18 18 18 18 18 17 17 18 18 18 17 17 17 17 17 17 17 17 17 17 17 17 17 18 18 18 18 18 18 18 18 18 19 19 19 19 19 2 2 2 2 2 2 2 2 2 2 2 2 2 24 24 24 24 24 24 24 24 24 24 24 24 23 23 23 23 23 22 22 22 22 22 21 21 21 21 21 21 21 21 21 21 21 21 21 21 21 21 21 21 21 21 8 8 8 8 22 22 21 21 22 22 22 22 22 23 22 22 22 22 22 22 22 22 21 21 21 21 20 20 20 20 20 19 18 18 18 18 17 17 17 16 16 16 16 16 16 16 16 15 15 15 15 15 15 15 15 15
18 18 18 18 18 18 18 18 17 18 18 18 18 17 17 17 17 18 17 17 17 17 17 17 17 18 18 18 18 18 18 18 18 18 19 19 19 19 19 19 2 2 2 2 2 2 2 2 2 2 2 24 24 24 24 24 24 24 24 24 24 24 24 24 24 23 23 23 23 23 22 22 22 22 21 21 21 21 21 21 21 21 21 21 21 21 21 21 21 21 21 21 21 21 8 8 8 8 22 22 21 22 22 22 22 22 23 23 22 22 22 22 22 22 22 22 21 21 21 21 21 20 20 20 20 19 18 18 18 18 18 17 17 16 16 16 16 16 16 16 16 15 15 15 15 15 15 15 15 15
18 18 18 18 18 18 18 18 18 18 18 18 18 18 17 17 17 18 17 17 17 17 17 17 17 18 18 18 18 18 18 18 18 18 19 19 19 19 19 20 20 20 2 2 2 2 2 2 2 5 24 24 24 24 24 24 24 24 24 24 24 24 24 24 24 24 23 23 23 23 22 22 22 22 22 21 21 21 21 21 21 21 21 21 21 21 21 21 21 21 21 21 21 21 21 8 8 8 22 22 22 22 22 22 22 23 23 23 22 22 22 22 22 22 22 22 21 21 21 21 21 21 20 20 20 19 19 18 18 18 18 18 17 16 16 16 16 16 16 16 16 15 15 15 15 15 15 15 15 15
18 18 18 18 18 18 18 18 18 19 18 18 18 18 17 17 17 18 18 17 17 17 17 17 17 18 18 18 18 18 18 18 18 18 19 19 19 19 19 20 20 20 21 22 22 2 5 5 5 5 24 24 24 24 24 24 24 24 24 24 24 24 24 24 24 24 23 23 23 23 23 22 22 22 22 21 21 21 21 21 21 21 21 21 21 21 21 21 21 21 21 21 21 21 21 8 8 8 8 22 22 22 22 22 22 23 23 23 22 22 22 22 22 22 22 22 21 21 21 21 21 21 21 20 20 19 19 18 18 18 18 18 17 16 16 16 16 16 16 16 16 15 15 15 15 15 15 15 15 15
18 18 18 18 18 18 18 18 18 19 18 18 18 18 18 17 17 18 18 17 17 17 17 17 17 18 18 18 18 18 18 18 18 18 19 19 19 19 20 20 20 20 21 22 22 5 5 5 5 23 24 24 24 24 24 24 24 24 24 24 24 24 24 24 24 24 23 23 23 23 23 22 22 22 22 22 21 21 21 21 21 21 21 21 21 21 21 21 21 21 21 21 21 21 21 8 8 8 8 22 22 22 22 22 23 23 23 23 22 22 22 22 22 22 22 22 21 21 21 21 21 21 21 20 20 19 19 19 18 18 18 18 17 16 16 16 16 16 16 16 16 15 15 15 15 15 15 15 15 15
18 18 18 18 18 18 18 18 18 19 18 18 18 18 18 17 17 18 18 17 17 17 17 17 17 18 18 18 18 18 18 18 18 18 19 19 19 19 20 20 20 20 21 22 22 5 5 5 5 23 24 24 24 24 24 24 24 24 24 24 24 24 24 24 24 24 23 23 23 23 23 22 22 22 22 22 21 21 21 21 21 21 21 21 21 21 21 21 21 21 21 21 21 21 21 22 8 8 8 8 22 22 22 22 23 23 23 23 22 22 22 22 22 22 22 22 21 21 21 21 21 21 21 20 20 19 19 19 18 18 18 18 17 16 16 16 16 16 16 16 16 15 15 15 15 15 15 15 15 15
18 18 18 18 18 18 18 18 18 19 18 18 18 18 18 17 17 18 18 17 17 17 17 17 17 18 18 18 18 18 18 18 18 18 19 19 19 19 20 20 20 20 21 22 22 5 5 5 23 23 24 24 24 24 24 24 24 24 24 24 24 24 24 24 24 24 23 23 23 23 23 22 22 22 22 22 21 21 21 21 21 21 21 21 21 21 21 21 21 21 21 21 21 21 21 22 8 8 8 8 22 22 22 22 23 23 23 23 22 22 22 22 22 22 22 22 21 21 21 21 21 21 21 20 20 19 19 19 18 18 18 18 17 16 16 16 16 16 16 16 16 15 15 15 15 15 15 15 15 15
18 18 18 18 18 18 18 18 18 18 18 18 18 18 17 17 17 18 18 17 17 17 17 17 17 18 18 18 18 18 18 18 18 18 19 19 19 19 19 20 20 20 21 22 5 5 5 5 23 23 24 24 24 24 24 24 24 24 24 24 24 24 24 24 24 24 23 23 23 23 23 22 22 22 22 21 21 21 21 21 21 21 21 21 21 21 21 21 21 21 21 21 21 21 21 22 22 8 8 8 8 22 22 22 22 23 23 23 22 22 22 22 22 22 22 22 21 21 21 21 21 21 21 20 20 19 19 18 18 18 18 18 17 16 16 16 16 16 16 16 16 15 15 15 15 15 15 15 15 15
18 18 18 18 18 18 18 18 18 18 18 18 18 18 17 17 17 18 17 17 17 17 17 17 17 18 18 18 18 18 18 18 18 18 19 19 19 19 19 20 20 20 21 21 5 5 5 5 22 23 24 24 24 24 24 24 24 24 24 24 24 24 24 24 24 23 23 23 23 23 22 22 22 22 22 21 21 21 21 21 21 21 21 21 21 21 21 21 21 21 21 21 21 21 21 21 22 8 8 8 8 22 22 22 22 23 23 23 22 22 22 22 22 22 22 22 21 21 21 21 21 21 20 20 20 19 19 18 18 18 18 18 17 16 16 16 16 16 16 16 16 15 15 15 15 15 15 15 15 15
18 18 18 18 18 18 18 18 17 18 18 18 18 17 17 17 17 18 17 17 17 17 17 17 17 18 18 18 18 18 18 18 18 18 19 19 19 19 19 19 20 20 21 5 5 5 5 22 22 23 24 24 24 24 24 24 24 24 24 25 25 25 25 25 25 24 24 24 24 24 23 23 23 23 22 22 22 22 22 22 22 22 22 22 22 22 22 22 22 22 22 21 21 21 21 21 22 22 8 8 8 8 22 22 22 22 23 23 22 22 22 22 22 22 22 22 21 21 21 21 21 20 20 20 20 19 18 18 18 18 18 17 17 16 16 16 16 16 16 16 16 15 15 15 15 15 15 15 15 15
18 18 18 18 18 18 18 17 17 18 18 18 17 17 17 17 17 17 17 17 17 17 17 17 17 18 18 18 18 18 18 18 18 18 19 19 19 19 19 19 19 20 21 5 5 5 5 22 22 22 24 24 24 24 24 24 24 24 24 25 25 25 25 25 24 24 24 24 24 23 23 23 23 22 22 22 22 22 22 22 22 22 22 22 22 22 22 22 22 22 22 21 21 21 21 21 21 22 8 8 8 8 22 22 22 22 22 23 22 22 22 22 22 22 22 22 21 21 21 21 20 20 20 20 20 18 18 18 18 18 17 17 17 16 16 16 16 16 16 16 16 15 15 15 15 15 15 15 15 15
18 18 18 18 18 18 17 17 17 18 18 17 17 17 17 17 16 17 17 17 17 17 17 17 17 18 18 18 18 18 18 18 18 18 19 19 19 19 19 19 19 19 21 5 5 5 22 22 22 22 23 23 24 24 24 24 24 24 24 25 25 25 24 24 24 24 24 24 23 23 23 23 23 22 22 22 22 22 22 22 22 22 22 22 22 22 22 22 22 22 22 21 21 21 21 21 21 21 22 8 8 8 21 22 22 22 22 22 21 22 22 22 22 22 22 22 21 21 21 20 20 20 20 20 20 18 18 18 18 17 17 17 17 16 16 16 16 16 16 16 16 15 15 15 15 15 15 15 15 15
18 18 18 17 17 17 17 17 17 18 17 17 17 17 17 16 16 17 17 17 17 17 17 17 17 18 18 18 18 18 18 18 18 18 19 19 19 19 19 19 19 19 20 5 5 5 21 22 22 22 23 23 23 23 23 24 24 24 24 25 24 24 24 24 24 24 24 23 23 23 23 23 22 22 22 22 22 22 22 22 22 22 22 22 22 22 22 22 22 22 22 21 21 21 21 21 21 21 21 8 8 8 21 21 22 22 22 22 21 21 21 22 22 22 22 22 20 20 20 20 20 20 20 19 19 18 18 18 17 17 17 17 17 16 16 16 16 16 16 16 16 15 15 15 15 15 15 15 15 15
17 17 17 17 17 17 17 17 17 17 17 17 17 17 16 16 16 17 17 17 17 17 17 17 17 17 17 17 17 17 17 17 17 18 19 19 19 19 19 19 19 19 5 5 5 5 21 21 21 22 23 23 23 23 23 23 23 23 23 24 24 24 24 24 24 24 23 23 23 23 22 22 22 22 22 22 22 22 22 22 22 22 21 21 21 21 21 21 21 22 22 21 21 21 21 21 21 21 21 8 8 8 8 21 21 22 22 22 21 21 21 21 21 21 21 21 20 20 20 20 20 20 19 19 19 18 18 17 17 17 17 17 17 16 16 16 16 16 15 15 15 14 14 14 14 14 15 15 15 15
17 17 17 17 17 17 17 16 16 17 17 17 17 16 16 16 16 17 17 17 17 17 17 16 16 17 17 17 17 17 17 17 17 17 18 19 19 19 19 19 19 19 5 5 5 5 21 21 21 21 23 23 23 23 23 23 23 23 23 24 24 24 24 24 23 23 23 23 23 22 22 22 22 22 22 22 22 22 22 21 21 21 21 21 21 21 21 21 21 21 21 21 21 21 21 21 21 21 21 8 8 8 8 21 21 21 21 22 21 21 21 21 21 21 21 21 20 20 20 20 19 19 19 19 19 18 17 17 17 17 17 17 17 16 16 16 15 15 15 15 15 14 14 14 14 14 14 14 15 15
17 17 17 17 17 16 16 16 16 17 17 16 16 16 16 16 16 17 17 17 17 16 16 16 16 17 17 17 17 17 17 17 17 17 18 18 18 19 19 19 19 19 5 5 5 20 21 21 21 21 22 22 23 23 23 23 23 23 23 24 24 24 23 23 23 23 23 23 22 22 22 22 22 22 22 22 22 21 21 21 21 21 21 21 21 21 21 21 21 21 21 20 20 21 21 21 21 21 21 21 8 8 8 8 21 21 21 21 20 21 21 21 21 21 21 21 20 20 19 19 19 19 19 19 18 17 17 17 17 17 17 17 17 16 15 15 15 15 15 15 15 14 14 14 14 14 14 14 14 14
16 16 16 16 16 16 16 16 16 17 16 16 16 16 16 16 16 17 17 16 16 16 16 16 16 17 17 17 16 16 17 17 17 17 18 18 18 18 19 19 19 19 5 5 5 20 20 20 21 21 22 22 22 22 22 22 22 22 22 23 23 23 23 23 23 23 22 22 22 22 22 22 22 22 22 22 21 21 21 21 21 21 21 21 21 20 21 21 21 21 21 20 20 20 20 21 21 21 21 21 8 8 8 8 21 21 21 21 20 20 20 20 20 20 20 20 19 19 19 19 19 19 19 18 18 17 17 17 17 17 17 17 16 15 15 15 15 15 15 15 15 13 13 14 14 14 14 14 14 14
16 16 16 16 16 16 16 16 15 16 16 16 16 16 16 16 16 17 16 16 16 16 16 16 15 16 16 16 16 16 16 16 16 16 18 18 18 18 18 18 19 19 5 5 5 20 20 20 20 21 22 22 22 22 22 22 22 22 22 23 23 23 23 23 23 22 22 23 23 23 23 23 23 23 22 22 22 22 22 22 21 21 21 20 20 20 20 20 20 20 21 20 20 20 20 20 21 21 21 21 20 8 8 8 8 20 21 21 20 20 20 20 20 20 20 20 19 19 19 19 19 18 18 18 18 17 17 17 17 17 17 16 16 15 15 15 15 14 14 14 14 13 13 13 13 13 13 14 14 14
16 16 16 16 16 16 16 15 15 16 16 16 16 16 16 16 16 16 16 16 16 16 15 15 15 16 16 16 16 16 16 16 16 16 17 17 18 18 18 18 18 19 5 5 5 20 20 20 20 20 21 22 22 22 22 22 22 22 22 23 23 23 23 22 22 22 22 23 23 23 23 23 23 22 22 22 22 22 21 21 21 21 21 20 20 20 20 20 20 20 20 19 20 20 20 20 20 20 21 21 20 8 8 8 8 20 20 20 20 20 20 20 20 20 20 20 19 19 19 19 18 18 18 18 18 17 17 17 17 17 16 16 16 15 15 14 14 14 14 14 14 13 13 13 13 13 13 13 13 14
16 16 16 16 15 15 15 15 15 16 16 16 16 16 16 15 15 16 16 16 15 15 15 15 15 16 16 16 16 16 16 16 16 16 17 17 17 18 18 18 18 18 5 5 5 20 20 20 20 20 21 21 21 22 22 22 22 22 22 23 23 22 22 22 22 22 22 23 23 23 23 23 22 22 22 1 22 21 21 21 21 21 21 20 20 20 20 20 20 20 20 19 19 19 20 20 20 20 20 21 20 20 8 8 8 8 20 20 19 19 20 20 20 20 20 20 19 18 18 18 18 18 18 18 18 17 17 17 16 16 16 16 16 14 14 14 14 14 14 14 14 13 13 13 13 13 13 13 13 13
15 15 15 15 15 15 15 15 15 16 16 16 16 16 15 15 15 16 16 15 15 15 15 15 15 16 15 15 15 15 15 16 16 16 17 17 17 17 17 18 18 18 5 5 5 20 20 20 20 20 21 21 21 21 21 21 21 21 21 22 22 22 22 22 22 22 22 23 23 23 23 22 1 1 1 1 1 1 1 21 21 21 21 19 19 19 19 19 20 20 20 19 19 19 19 20 20 20 20 20 20 20 8 8 8 8 20 20 19 19 19 19 19 19 19 19 18 18 18 18 18 18 18 18 18 17 17 16 16 16 16 16 15 14 14 14 14 14 14 13 13 12 12 12 12 13 13 13 13 13
15 15 15 15 15 15 15 15 15 16 16 16 16 15 15 15 15 16 15 15 15 15 15 15 14 15 15 15 15 15 15 15 15 15 17 17 17 17 17 17 18 18 5 5 5 20 20 20 20 20 21 21 21 21 21 21 21 21 21 22 22 22 22 22 22 22 22 23 23 23 22 1 1 1 1 1 1 1 1 1 20 20 20 19 19 19 19 19 19 19 20 19 19 19 19 19 20 20 20 20 19 20 20 8 8 8 8 20 19 19 19 19 19 19 19 19 18 18 18 18 18 18 18 18 18 17 16 16 16 16 16 15 15 14 14 14 14 13 13 13 13 12 12 12 12 12 12 13 13 13
15 15 15 15 15 15 15 15 15 16 16 16 15 15 15 15 15 15 15 15 15 15 14 14 14 15 15 15 15 15 15 15 15 15 16 17 17 17 17 17 17 18 5 5 5 20 20 20 20 20 21 21 21 21 21 21 21 21 21 22 22 22 22 22 22 22 22 23 23 22 1 1 1 1 1 1 1 1 1 1 1 20 20 19 19 19 19 19 19 19 19 18 19 19 19 19 19 20 20 20 19 19 20 8 8 8 8 20 19 19 19 19 19 19 19 19 18 18 18 18 18 18 18 18 18 16 16 16 16 16 15 15 15 14 14 13 13 13 13 13 13 12 12 12 12 12 12 12 13 13
15 15 15 15 15 15 15 15 15 16 16 15 15 15 15 15 14 15 15 15 15 14 14 14 14 15 15 15 15 15 15 15 15 15 16 16 17 17 17 17 17 18 5 5 5 19 20 20 20 20 21 21 21 21 21 21 21 21 21 22 22 22 22 22 22 22 22 23 22 22 1 1 1 1 1 1 1 1 1 1 1 20 20 19 19 19 19 19 19 19 19 18 18 19 19 19 19 19 20 20 19 19 19 20 8 8 8 20 19 19 19 19 19 19 19 19 18 18 18 18 18 18 18 18 18 16 16 16 16 15 15 15 15 14 13 13 13 13 13 13 13 12 12 12 12 12 12 12 12 12
15 15 15 15 15 15 15 15 15 16 16 15 15 15 15 14 14 15 15 15 14 14 14 14 14 15 15 15 15 15 15 15 15 15 16 16 16 17 17 17 17 17 5 5 5 19 19 20 20 20 21 21 21 21 21 21 21 21 21 22 22 22 22 22 22 22 22 22 22 22 1 1 1 1 1 1 1 1 1 1 1 20 20 19 19 19 19 19 19 19 19 18 18 18 19 19 19 19 19 20 19 19 19 20 8 8 8 8 19 19 19 19 19 19 19 19 18 18 18 18 18 18 18 18 17 16 16 16 16 15 15 15 15 13 13 13 13 13 13 13 13 12 12 12 12 12 12 12 12 12
15 15 15 15 15 15 15 15 15 16 15 15 15 15 15 14 14 15 15 15 14 14 14 14 14 15 15 15 15 15 15 15 15 15 16 16 16 16 17 17 17 17 5 5 5 19 19 20 20 20 21 21 21 21 21 21 21 21 21 22 22 22 22 22 22 22 22 22 22 1 1 1 1 1 1 1 1 1 1 1 1 1 20 19 19 19 19 19 19 19 19 18 18 18 19 19 19 19 19 20 19 19 19 19 8 8 8 8 19 19 19 19 19 19 19 19 18 18 18 18 18 18 18 17 17 16 16 16 15 15 15 15 15 13 13 13 13 13 13 13 13 12 12 12 12 12 12 12 12 12
15 15 15 15 15 15 15 15 15 16 15 15 15 15 15 14 14 15 15 14 14 14 14 14 14 15 15 15 15 15 15 15 15 15 16 16 16 16 17 17 17 17 5 5 5 19 19 19 20 20 21 21 21 21 21 21 21 21 21 22 22 22 22 22 22 22 22 22 22 22 1 1 1 1 1 1 1 1 1 1 1 20 20 19 19 19 19 19 19 19 19 18 18 18 18 19 19 19 19 20 19 19 19 19 20 8 8 8 19 19 19 19 19 19 19 19 18 18 18 18 18 18 18 17 17 16 16 16 15 15 15 15 15 13 13 13 13 13 13 13 13 12 12 12 12 12 12 12 12 12
15 15 15 15 15 15 15 15 15 16 15 15 15 15 15 14 14 15 15 14 14 14 14 14 14 15 15 15 15 15 15 15 15 15 16 16 16 16 17 17 17 17 5 5 5 19 19 19 20 20 21 21 21 21 21 21 21 21 21 22 22 22 22 22 22 22 21 22 22 22 1 1 1 1 1 1 1 1 1 1 1 20 20 19 19 19 19 19 19 19 19 18 18 18 18 19 19 19 19 20 19 19 19 19 20 8 8 8 19 19 19 19 19 19 19 19 18 18 18 18 18 18 18 17 17 16 16 16 15 15 15 15 14 13 13 13 13 13 13 13 13 12 12 12 12 12 12 12 12 12
15 15 15 15 15 15 15 15 15 16 15 15 15 15 15 14 14 15 15 14 14 14 14 14 14 15 15 15 15 15 15 15 15 15 16 16 16 16 17 17 17 17 5 5 5 5 19 19 20 20 21 21 21 21 21 21 21 21 21 22 22 22 22 22 22 22 22 22 22 22 1 1 1 1 1 1 1 1 1 1 1 20 20 19 19 19 19 19 19 19 19 18 18 18 18 19 19 19 19 20 19 19 19 19 20 8 8 8 19 19 19 19 19 19 19 19 18 18 18 18 18 18 18 17 17 16 16 16 15 15 15 15 15 13 13 13 13 13 13 13 13 12 12 12 12 12 12 12 12 12
15 15 15 15 15 15 15 15 15 16 15 15 15 15 15 14 14 15 15 15 14 14 14 14 14 15 15 15 15 15 15 15 15 15 16 16 16 16 17 17 17 17 5 5 5 5 19 20 20 20 21 21 21 21 21 21 21 21 21 22 22 22 22 22 22 22 22 22 22 22 22 1 1 1 1 1 1 1 1 1 20 20 20 19 19 19 19 19 19 19 19 18 18 18 19 19 19 19 19 20 19 19 19 19 20 8 8 8 19 19 19 19 19 19 19 19 18 18 18 18 18 18 18 17 17 16 16 16 15 15 15 15 15 13 13 13 13 13 13 13 13 12 12 12 12 12 12 12 12 12
15 15 15 15 15 15 15 15 15 16 16 15 15 15 15 14 14 15 15 15 14 14 14 14 14 15 15 15 15 15 15 15 15 15 16 16 16 17 17 17 17 17 19 5 5 5 19 20 20 20 21 21 21 21 21 21 21 21 21 22 22 22 22 22 22 22 22 22 22 22 22 22 1 1 1 1 1 1 1 20 20 20 20 19 19 19 19 19 19 19 19 18 18 18 19 19 19 19 19 20 19 19 19 20 20 8 8 8 19 19 19 19 19 19 19 19 18 18 18 18 18 18 18 18 17 16 16 16 16 15 15 15 15 13 13 13 13 13 13 13 13 12 12 12 12 12 12 12 12 12
15 15 15 15 15 15 15 15 15 16 16 16 15 15 15 15 14 15 15 15 15 14 14 14 14 15 15 15 15 15 15 15 15 15 16 16 17 17 17 17 17 18 19 5 5 5 5 20 20 20 21 21 21 21 21 21 21 21 21 22 22 22 22 22 22 22 22 23 22 22 22 22 22 21 21 1 21 21 20 20 20 20 20 19 19 19 19 19 19 19 19 18 18 19 19 19 19 19 20 20 19 19 19 20 20 8 8 8 19 19 19 19 19 19 19 19 18 18 18 18 18 18 18 18 18 16 16 16 16 15 15 15 15 14 13 13 13 13 13 13 13 12 12 12 12 12 12 12 12 12
15 15 15 15 15 15 15 15 15 16 16 16 15 15 15 15 15 15 15 15 15 15 14 14 14 15 15 15 15 15 15 15 15 15 16 17 17 17 17 17 17 18 19 5 5 5 5 20 20 20 21 21 21 21 21 21 21 21 21 22 22 22 22 22 22 22 22 23 23 22 22 22 22 21 21 21 21 21 21 20 20 20 20 19 19 19 19 19 19 19 19 18 19 19 19 19 19 20 20 20 19 19 20 20 20 8 8 8 19 19 19 19 19 19 19 19 18 18 18 18 18 18 18 18 18 16 16 16 16 16 15 15 15 14 14 13 13 13 13 13 13 12 12 12 12 12 12 12 13 13
15 15 15 15 15 15 15 15 15 16 16 16 16 15 15 15 15 16 15 15 15 15 15 15 14 15 15 15 15 15 15 15 15 15 17 17 17 17 17 17 18 18 19 19 5 5 5 20 20 20 21 21 21 21 21 21 21 21 21 22 22 22 22 22 22 22 22 22 22 22 21 21 21 21 20 20 20 20 20 20 19 19 19 19 19 19 19 19 19 19 20 19 19 19 19 19 20 20 20 20 19 20 20 20 20 8 8 8 19 19 19 19 19 19 19 19 18 18 18 18 18 18 18 18 18 17 16 16 16 16 16 15 15 14 14 14 14 13 13 13 13 12 12 12 12 12 12 13 13 13
15 15 15 15 15 15 15 15 15 16 16 16 16 16 15 15 15 16 16 15 15 15 15 15 15 16 15 15 15 15 15 16 16 16 17 17 17 17 17 18 18 18 19 20 5 5 5 5 20 20 21 21 21 21 21 21 21 21 21 22 22 22 22 22 22 22 22 22 22 22 22 21 21 21 21 21 20 20 20 20 20 20 20 19 19 19 19 19 20 20 20 19 19 19 19 20 20 20 20 20 20 20 20 20 20 8 8 8 19 19 19 19 19 19 19 19 18 18 18 18 18 18 18 18 18 17 17 16 16 16 16 16 15 14 14 14 14 14 14 13 13 12 12 12 13 13 13 13 13 13
16 16 16 16 15 15 15 15 15 16 16 16 16 16 16 15 15 16 16 16 15 15 15 15 15 16 16 16 16 16 16 16 16 16 17 17 17 18 18 18 18 18 20 20 5 5 5 5 20 20 21 21 21 22 22 22 22 22 22 23 23 22 22 22 22 22 22 22 22 22 22 22 21 21 21 21 21 20 20 20 20 20 20 20 20 20 20 20 20 20 20 19 19 19 20 20 20 20 20 21 20 20 20 20 20 8 8 8 19 19 20 20 20 20 20 20 19 18 18 18 18 18 18 18 18 17 17 17 17 16 16 16 16 14 14 14 14 14 14 14 14 13 13 13 13 13 13 13 13 13
16 16 16 16 16 16 16 15 15 16 16 16 16 16 16 16 16 16 16 16 16 16 15 15 15 16 16 16 16 16 16 16 16 16 17 17 18 18 18 18 18 19 20 20 20 5 5 5 5 20 21 22 22 22 22 22 22 22 22 23 23 23 23 22 22 22 22 22 22 22 22 22 22 21 21 21 21 21 20 20 20 20 20 20 20 20 20 20 20 20 20 19 20 20 20 20 20 21 21 21 20 20 20 20 20 8 8 8 20 20 20 20 20 20 20 20 19 19 19 19 18 18 18 18 18 17 17 17 17 17 16 16 16 15 15 14 14 14 14 14 14 13 13 13 13 13 13 13 13 14
16 16 16 16 16 16 16 16 15 16 16 16 16 16 16 16 16 17 16 16 16 16 16 16 15 16 16 16 16 16 16 16 16 16 18 18 18 18 18 18 19 19 20 20 20 5 5 5 5 21 22 22 22 22 22 22 22 22 22 23 23 23 23 23 23 22 22 22 22 22 22 22 22 22 22 21 21 21 21 21 21 20 20 20 20 20 20 20 20 20 21 20 20 20 20 20 21 21 21 21 20 20 20 20 20 8 8 8 20 20 20 20 20 20 20 20 19 19 19 19 19 19 18 18 18 17 17 17 17 17 17 16 16 15 15 15 15 14 14 14 14 13 13 13 13 13 13 14 14 14
17 16 16 16 16 16 16 16 16 17 16 16 16 16 16 16 16 17 17 16 16 16 16 16 16 17 17 17 17 17 17 17 17 17 18 18 18 18 19 19 19 19 20 20 20 20 5 5 5 5 22 22 22 22 22 22 23 23 22 23 23 23 23 23 23 23 23 22 22 22 22 22 22 22 22 22 21 21 21 21 21 21 21 21 21 21 21 21 21 21 21 20 20 20 20 21 21 21 21 21 20 20 20 20 8 8 8 8 20 20 20 20 20 21 21 20 19 19 19 19 19 19 19 18 18 17 17 17 17 17 17 17 16 15 15 15 15 15 15 15 15 14 14 14 14 14 14 14 14 14
17 17 17 17 17 16 16 16 16 17 17 16 16 16 16 16 16 17 17 17 17 16 16 16 16 17 17 17 17 17 17 17 17 17 18 18 18 19 19 19 19 19 20 20 20 20 5 5 5 5 22 22 23 23 23 23 23 23 23 24 24 24 23 23 23 23 23 23 22 22 22 22 22 22 22 22 22 22 21 21 21 21 21 21 21 21 21 21 21 21 21 20 20 21 21 21 21 21 21 21 20 20 20 21 8 8 8 8 20 21 21 21 21 21 21 21 20 20 20 19 19 19 19 19 18 17 17 17 17 17 17 17 17 16 15 15 15 15 15 15 15 14 14 14 14 14 14 14 14 14
17 17 17 17 17 17 17 16 16 17 17 17 17 16 16 16 16 17 17 17 17 17 17 16 16 17 17 17 17 17 17 17 17 17 18 19 19 19 19 19 19 19 20 20 20 21 21 5 5 5 5 23 23 23 23 23 23 23 23 24 24 24 24 24 23 23 23 23 23 22 22 22 22 22 22 22 22 22 22 21 21 21 21 21 21 21 21 21 21 21 21 21 21 21 21 21 21 21 21 21 20 21 21 21 8 8 8 22 21 21 21 21 21 21 21 21 20 20 20 20 20 19 19 19 19 18 17 17 17 17 17 17 17 16 16 16 15 15 15 15 15 14 14 14 14 14 14 14 15 15
17 17 17 17 17 17 17 17 17 17 17 17 17 17 16 16 16 17 17 17 17 17 17 17 17 17 17 17 17 17 17 17 18 18 19 19 19 19 19 19 19 19 20 20 21 21 21 5 5 5 5 23 23 23 23 23 23 23 23 23 23 23 23 23 23 23 22 22 22 22 21 21 21 21 21 21 21 21 21 21 21 21 20 20 20 20 20 20 20 21 21 21 21 21 21 21 21 21 21 21 21 21 21 8 8 8 8 22 21 21 21 21 21 21 21 21 20 20 20 20 20 20 19 19 19 18 18 17 17 17 17 17 17 16 16 16 16 16 15 15 15 14 14 14 14 15 15 15 15 15
18 18 18 17 17 17 17 17 17 18 17 17 17 17 17 16 16 17 17 17 17 17 17 17 17 18 18 18 18 18 18 18 18 18 19 19 19 19 19 19 19 19 20 21 21 21 21 22 5 5 5 5 23 23 24 24 24 24 24 24 23 23 23 23 23 23 23 22 22 22 22 22 21 21 21 21 21 21 21 21 21 21 21 21 21 21 21 21 21 21 21 21 21 21 21 21 21 21 21 22 21 21 21 8 8 8 8 22 21 21 21 22 22 22 22 22 20 20 20 20 20 20 20 19 19 18 18 18 17 17 17 17 17 16 16 16 16 16 16 16 16 15 15 15 15 15 15 15 15 15
18 18 18 18 18 18 17 17 17 18 18 18 17 17 17 17 16 17 17 17 17 17 17 17 17 18 18 18 18 18 18 18 18 18 19 19 19 19 19 19 19 20 21 21 21 21 22 22 5 5 5 5 24 24 24 24 24 24 24 24 24 24 23 23 23 23 23 23 22 22 22 22 22 21 21 21 21 21 21 21 21 21 21 21 21 21 21 21 21 21 21 21 21 21 21 21 21 21 22 22 21 21 21 8 8 8 22 22 22 22 22 22 22 22 22 22 21 21 21 20 20 20 20 20 20 18 18 18 18 17 17 17 17 16 16 16 16 16 16 16 16 15 15 15 15 15 15 15 15 15
18 18 18 18 18 18 18 17 17 18 18 18 17 17 17 17 17 17 17 17 17 17 17 17 17 18 18 18 18 18 18 18 18 18 19 19 19 19 19 19 19 20 21 21 21 22 22 22 22 5 5 5 24 24 24 24 24 24 24 24 24 24 24 24 23 23 23 23 23 22 22 22 22 22 21 21 21 21 21 21 21 21 21 21 21 21 21 21 21 21 21 21 21 21 21 21 21 22 22 22 21 21 8 8 8 8 22 23 22 22 22 22 22 22 22 22 21 21 21 21 20 20 20 20 20 19 18 18 18 18 17 17 17 16 16 16 16 16 16 16 16 15 15 15 15 15 15 15 15 15
18 18 18 18 18 18 18 18 17 18 18 18 18 17 17 17 17 18 17 17 17 17 17 17 17 18 18 18 18 18 18 18 18 18 19 19 19 19 19 19 20 20 21 21 22 22 22 22 22 5 5 5 24 24 24 24 24 24 24 24 24 24 24 24 24 23 23 23 23 23 22 22 22 22 21 21 21 21 21 21 21 21 21 21 21 21 21 21 21 21 21 21 21 21 21 21 22 22 22 22 21 22 8 8 8 8 23 23 22 22 22 22 22 22 22 22 21 21 21 21 21 20 20 20 20 19 18 18 18 18 18 17 17 16 16 16 16 16 16 16 16 15 15 15 15 15 15 15 15 15
18 18 18 18 18 18 18 18 18 18 18 18 18 18 17 17 17 18 17 17 17 17 17 17 17 18 18 18 18 18 18 18 18 18 19 19 19 19 19 20 20 20 21 21 22 22 22 22 22 5 5 5 5 24 24 24 24 24 24 24 24 24 24 24 24 24 23 23 23 23 22 22 22 22 22 21 21 21 21 21 21 21 21 21 21 21 21 21 21 21 21 21 21 21 21 21 22 22 22 22 22 8 8 8 8 23 23 23 22 22 22 22 3 22 22 22 21 21 21 21 21 21 20 20 20 19 19 18 18 18 18 18 17 16 16 16 16 16 16 16 16 15 15 15 15 15 15 15 15 15
18 18 18 18 18 18 18 18 18 19 18 18 18 18 17 17 17 18 18 17 17 17 17 17 17 18 18 18 18 18 18 18 18 18 19 19 19 19 19 20 20 20 21 22 22 22 22 22 23 5 5 5 5 24 24 24 24 24 24 24 24 24 24 24 24 24 23 23 23 23 23 22 22 22 22 21 21 21 21 21 21 21 21 21 21 21 21 21 21 21 21 21 21 21 21 22 22 22 22 22 22 8 8 8 8 23 23 23 3 3 3 3 3 3 3 3 3 21 21 21 21 21 21 20 20 19 19 18 18 18 18 18 17 16 16 16 16 16 16 16 16 15 15 15 15 15 15 15 15 15
18 18 18 18 18 18 18 18 18 19 18 18 18 18 18 17 17 18 18 17 17 17 17 17 17 18 18 18 18 18 18 18 18 18 19 19 19 19 20 20 20 20 21 22 22 22 22 22 23 23 5 5 5 5 24 24 24 24 24 24 24 24 24 24 24 24 23 23 23 23 23 22 22 22 22 22 21 21 21 21 21 21 21 21 21 21 21 21 21 21 21 21 21 21 21 22 22 22 22 22 8 8 8 8 23 23 23 3 3 3 3 3 3 3 3 3 3 3 21 21 21 21 21 20 20 19 19 19 18 18 18 18 17 16 16 16 16 16 16 16 16 15 15 15 15 15 15 15 15 15
18 18 18 18 18 18 18 18 18 19 18 18 18 18 18 17 17 18 18 17 17 17 17 17 17 18 18 18 18 18 18 18 18 18 19 19 19 19 20 20 20 20 21 22 22 22 22 22 23 23 5 5 5 5 24 24 24 24 24 24 24 24 24 24 24 24 23 23 23 23 23 22 22 22 22 22 21 21 21 21 21 21 21 21 21 21 21 21 21 21 21 21 21 21 21 22 22 22 22 23 8 8 8 8 23 23 3 3 3 3 3 3 3 3 3 3 3 3 3 21 21 21 21 20 20 19 19 19 18 18 18 18 17 16 16 16 16 16 16 16 16 15 15 15 15 15 15 15 15 15
18 18 18 18 18 18 18 18 18 19 18 18 18 18 18 17 17 18 18 17 17 17 17 17 17 18 18 18 18 18 18 18 18 18 19 19 19 19 20 20 20 20 21 22 22 22 22 22 23 23 23 5 5 5 5 23 23 23 23 23 23 23 23 23 23 23 22 22 22 22 22 21 21 21 21 21 20 20 20 20 20 20 20 20 20 20 20 20 20 20 20 20 20 20 20 21 21 21 21 8 8 8 8 22 23 3 3 3 3 3 3 3 3 3 3 3 3 3 3 3 21 21 21 20 20 19 19 19 18 18 18 18 17 16 16 16 16 16 16 16 16 15 15 15 15 15 15 15 15 15
18 18 18 18 18 18 18 18 18 18 18 18 18 18 17 17 17 18 18 17 17 17 17 17 17 18 18 18 18 18 18 18 18 18 19 19 19 19 19 20 20 20 21 22 22 22 22 22 23 23 23 5 5 5 5 23 23 23 23 23 23 23 23 23 23 23 22 22 22 22 22 21 21 21 21 20 20 20 20 20 20 20 20 20 20 20 20 20 20 20 20 20 20 20 20 21 21 21 21 8 8 8 8 22 3 3 3 3 3 3 3 3 3 3 3 3 3 3 3 3 3 21 21 20 20 19 19 18 18 18 18 18 17 16 16 16 16 16 16 16 16 15 15 15 15 15 15 15 15 15
18 18 18 18 18 18 18 18 18 18 18 18 18 18 17 17 17 18 17 17 17 17 17 17 17 18 18 18 18 18 18 18 18 18 19 19 19 19 19 20 20 20 21 21 22 22 22 22 22 23 23 23 5 5 5 5 23 23 23 23 23 23 23 23 23 22 22 22 22 22 21 21 21 21 21 20 20 20 20 20 20 20 20 20 20 20 20 20 20 20 20 20 20 20 20 20 21 21 21 8 8 8 22 22 3 3 3 3 3 3 3 3 3 3 3 3 3 3 3 3 3 21 20 20 20 19 19 18 18 18 18 18 17 16 16 16 16 16 16 16 16 15 15 15 15 15 15 15 15 15
18 18 18 18 18 18 18 18 17 18 18 18 18 17 17 17 17 18 17 17 17 17 17 17 17 18 18 18 18 18 18 18 18 18 19 19 19 19 19 19 20 20 21 21 22 22 22 22 22 23 23 23 5 5 5 5 23 23 23 23 23 23 23 23 23 22 22 22 22 22 21 21 21 21 20 20 20 20 20 20 20 20 20 20 20 20 20 20 20 20 20 20 20 20 20 20 21 21 8 8 8 8 22 22 3 3 3 3 3 3 3 3 3 3 3 3 3 3 3 3 3 20 20 20 20 19 18 18 18 18 18 17 17 16 16 16 16 16 16 16 16 15 15 15 15 15 15 15 15 15
18 18 18 18 18 18 18 17 17 18 18 18 17 17 17 17 17 17 17 17 17 17 17 17 17 18 18 18 18 18 18 18 18 18 19 19 19 19 19 19 19 20 21 21 21 22 22 22 22 22 22 23 23 5 5 5 5 23 23 23 23 23 23 23 22 22 22 22 22 21 21 21 21 20 20 20 20 20 20 20 20 20 20 20 20 20 20 20 20 20 20 20 20 20 20 20 20 21 8 8 8 8 22 22 3 3 3 3 3 3 3 3 3 3 3 3 3 3 3 3 3 20 20 20 20 18 18 18 18 18 17 17 17 16 16 16 16 16 16 16 16 15 15 15 15 15 15 15 15 15
18 18 18 18 18 17 17 17 17 18 18 17 17 17 17 17 16 17 17 17 17 17 17 17 17 18 18 18 18 18 18 18 18 18 19 19 19 19 19 19 19 19 21 21 21 21 22 22 22 22 22 22 23 5 5 5 5 23 23 23 23 23 22 22 22 22 22 22 21 21 21 21 21 20 20 20 20 20 20 20 20 20 20 20 20 20 20 20 20 20 20 20 20 20 20 20 20 8 8 8 8 21 21 3 3 3 3 3 3 3 3 3 3 3 3 3 3 3 3 3 3 3 20 20 20 18 18 18 18 17 17 17 17 16 16 16 16 16 16 16 16 15 15 15 15 15 15 15 15 15
18 18 18 17 17 17 17 17 17 18 17 17 17 17 17 16 16 17 17 17 17 17 17 17 17 18 18 18 18 18 18 18 18 18 19 19 19 19 19 19 19 19 20 21 21 21 21 22 22 22 22 22 22 22 5 5 5 5 23 22 22 22 22 22 22 22 22 21 21 21 21 21 20 20 20 20 20 20 20 20 20 20 20 20 20 20 20 20 20 20 20 20 20 20 20 20 20 8 8 8 8 21 21 21 3 3 3 3 3 3 3 3 3 3 3 3 3 3 3 3 3 20 20 19 19 18 18 18 17 17 17 17 17 16 16 16 16 16 16 16 16 15 15 15 15 15 15 15 15 15
17 17 17 17 17 17 17 17 17 17 17 17 17 17 16 16 16 17 17 17 17 17 17 17 17 17 17 17 17 17 17 17 17 18 19 19 19 19 19 19 19 19 20 20 21 21 21 21 21 22 22 22 22 22 5 5 5 5 22 22 22 22 22 22 22 22 21 21 21 21 20 20 20 20 20 20 20 20 20 20 20 19 19 19 19 19 19 19 19 20 20 20 20 20 20 20 8 8 8 8 21 21 21 21 3 3 3 3 3 3 3 3 3 3 3 3 3 3 3 3 3 20 19 19 19 18 18 17 17 17 17 17 17 16 16 16 16 16 15 15 15 14 14 14 14 14 15 15 15 15
17 17 17 17 17 17 17 16 16 17 17 17 17 16 16 16 16 17 17 17 17 17 17 16 16 17 17 17 17 17 17 17 17 17 18 19 19 19 19 19 19 19 19 19 19 20 20 20 20 20 21 21 21 21 21 5 5 5 21 21 21 21 21 21 20 20 20 20 20 19 19 19 19 19 19 19 19 19 19 18 18 18 18 18 18 18 18 18 18 18 18 19 19 19 19 19 8 8 8 8 19 20 20 20 3 3 3 3 3 3 3 3 3 3 3 3 3 3 3 3 3 19 19 19 19 18 17 17 17 17 17 17 17 16 16 16 15 15 15 15 15 14 14 14 14 14 14 14 15 15
17 17 17 17 17 16 16 16 16 17 17 16 16 16 16 16 16 17 17 17 17 16 16 16 16 17 17 17 17 17 17 17 17 17 18 18 18 19 19 19 19 19 19 19 19 19 20 20 20 20 20 20 21 21 21 5 5 5 21 21 21 21 20 20 20 20 20 20 19 19 19 19 19 19 19 19 19 18 18 18 18 18 18 18 18 18 18 18 18 18 18 18 18 19 19 19 8 8 8 19 19 19 19 20 3 3 3 3 3 3 3 3 3 3 3 3 3 3 3 3 3 19 19 19 18 17 17 17 17 17 17 17 17 16 15 15 15 15 15 15 15 14 14 14 14 14 14 14 14 14
16 16 16 16 16 16 16 16 16 17 16 16 16 16 16 16 16 17 17 16 16 16 16 16 16 17 17 17 16 16 17 17 17 17 18 18 18 18 19 19 19 19 19 19 19 19 19 19 20 20 20 20 20 20 20 5 5 5 5 20 20 20 20 20 20 20 19 19 19 19 19 19 19 19 19 19 18 18 18 18 18 18 18 18 17 17 18 18 18 18 18 18 18 18 18 8 8 8 8 19 19 19 19 19 20 3 3 3 3 3 3 3 3 3 3 3 3 3 3 3 19 19 19 18 18 17 17 17 17 17 17 17 16 15 15 15 15 15 15 15 15 13 13 14 14 14 14 14 14 14
16 16 16 16 16 16 16 16 15 16 16 16 16 16 16 16 16 17 16 16 16 16 16 16 15 16 16 16 16 16 16 16 16 16 18 18 18 18 18 18 19 19 19 19 19 19 19 19 19 20 20 20 20 20 20 5 5 5 5 20 20 20 20 20 20 19 19 19 19 19 19 19 19 19 18 18 18 18 18 18 17 17 17 17 17 17 17 17 17 17 18 18 18 18 18 8 8 8 8 19 19 19 19 19 19 19 3 3 3 3 3 3 3 3 3 3 3 3 3 19 19 18 18 18 18 17 17 17 17 17 17 16 16 15 15 15 15 14 14 14 14 13 13 13 13 13 13 14 14 14
16 16 16 16 16 16 15 15 15 16 16 16 16 16 16 16 16 16 16 16 16 16 15 15 15 16 16 16 16 16 16 16 16 16 17 17 18 18 18 18 18 19 19 19 19 19 19 19 19 19 19 20 20 20 20 20 5 5 5 20 20 20 20 19 19 19 19 19 19 19 19 19 19 18 18 18 18 18 17 17 17 17 17 17 17 17 17 17 17 17 17 17 18 18 8 8 8 8 19 19 19 19 19 19 19 19 19 3 3 3 3 3 3 3 3 3 3 3 19 19 18 18 18 18 18 17 17 17 17 17 16 16 16 15 15 14 14 14 14 14 14 13 13 13 13 13 13 13 13 14
16 16 16 16 15 15 15 15 15 16 16 16 16 16 16 15 15 16 16 16 15 15 15 15 15 16 16 16 16 16 16 16 16 16 17 17 17 18 18 18 18 18 19 19 19 19 19 19 19 19 19 19 19 20 20 20 5 5 5 20 20 19 19 19 19 19 19 19 19 19 19 19 18 18 18 18 18 17 17 17 17 17 17 17 17 17 17 17 17 17 17 17 17 17 8 8 8 8 18 19 19 19 19 19 19 19 19 19 3 3 3 3 3 3 3 3 3 18 18 18 18 18 18 18 18 17 17 17 16 16 16 16 16 14 14 14 14 14 14 14 14 13 13 13 13 13 13 13 13 13
15 15 15 15 15 15 15 15 15 16 16 16 16 16 15 15 15 16 16 15 15 15 15 15 15 16 15 15 15 15 15 15 16 16 17 17 17 17 17 18 18 18 18 19 19 19 19 19 19 19 19 19 19 19 19 19 5 5 5 19 19 19 19 19 19 19 19 19 19 19 19 18 18 18 18 17 17 17 17 17 17 17 17 16 16 16 16 16 17 17 17 17 17 17 8 8 8 18 18 18 19 19 19 19 19 19 19 19 19 19 19 19 3 19 19 19 18 18 18 18 18 18 18 18 18 17 17 16 16 16 16 16 15 14 14 14 14 14 14 13 13 12 12 12 12 13 13 13 13 13
15 15 15 15 15 15 15 15 15 16 16 16 16 15 15 15 15 16 15 15 15 15 15 15 14 15 15 15 15 15 15 15 15 15 17 17 17 17 17 17 18 18 18 18 19 19 19 19 19 19 19 19 19 19 19 19 5 5 5 19 19 19 19 19 19 19 19 19 19 19 18 18 18 18 17 17 17 17 17 17 16 16 16 16 16 16 16 16 16 16 17 17 17 8 8 8 8 18 18 18 18 19 19 19 19 19 19 19 19 19 19 19 19 19 19 19 18 18 18 18 18 18 18 18 18 17 16 16 16 16 16 15 15 14 14 14 14 13 13 13 13 12 12 12 12 12 12 13 13 13
15 15 15 15 15 15 15 15 15 16 16 16 15 15 15 15 15 15 15 15 15 15 14 14 14 15 15 15 15 15 15 15 15 15 15 16 16 16 16 16 16 17 17 17 17 18 18 18 18 18 18 18 18 18 18 18 5 5 5 18 18 18 18 18 18 18 18 18 18 17 17 17 17 16 16 16 16 16 16 15 15 15 15 15 15 15 15 15 15 15 15 15 16 8 8 8 8 17 17 17 17 17 18 18 18 18 18 18 18 18 18 18 18 18 18 18 18 18 18 18 18 18 18 18 18 16 16 16 16 16 15 15 15 14 14 13 13 13 13 13 13 12 12 12 12 12 12 12 12 13
15 15 15 15 15 15 15 15 15 16 16 15 15 15 15 15 14 15 15 15 15 14 14 14 14 15 15 15 15 15 15 15 15 15 15 15 16 16 16 16 16 16 17 17 17 17 18 18 18 18 18 18 18 18 18 18 5 5 5 18 18 18 18 18 18 18 18 18 17 17 17 17 17 16 16 16 16 16 15 15 15 15 15 15 15 15 15 15 15 15 15 15 15 8 8 8 16 16 17 17 17 17 17 18 18 18 18 18 18 18 18 18 18 18 18 18 18 18 18 18 18 18 18 18 18 16 16 16 16 15 15 15 15 14 13 13 13 13 13 13 13 12 12 12 12 12 12 12 12 12
15 15 15 15 15 15 15 15 15 16 16 15 15 15 15 14 14 15 15 15 14 14 14 14 14 15 15 15 15 15 15 15 15 15 15 15 15 16 16 16 16 16 17 17 17 17 17 18 18 18 18 18 18 18 18 18 5 5 5 18 18 18 18 18 18 18 18 17 17 17 17 17 16 16 16 16 16 15 15 15 15 15 15 15 15 15 15 15 15 15 15 15 15 8 8 8 16 16 16 17 17 17 17 18 18 18 18 18 18 18 18 18 18 18 18 18 18 18 18 18 18 18 18 18 17 16 16 16 16 15 15 15 15 13 13 13 13 13 13 13 13 12 12 12 12 12 12 12 12 12
15 15 15 15 15 15 15 15 15 16 15 15 15 15 15 14 14 15 15 15 14 14 14 14 14 15 15 15 15 15 15 15 15 15 15 15 15 15 16 16 16 16 16 17 17 17 17 18 18 18 18 18 18 18 18 18 5 5 5 18 18 18 18 18 18 18 18 17 17 17 17 17 16 16 16 16 15 15 15 15 15 15 15 15 15 15 15 15 15 15 15 15 15 8 8 8 16 16 16 17 17 17 17 17 18 18 18 18 18 18 18 18 18 18 18 18 18 18 18 18 18 18 18 17 17 16 16 16 15 15 15 15 15 13 13 13 13 13 13 13 13 12 12 12 12 12 12 12 12 12
15 15 15 15 15 15 15 15 15 16 15 15 15 15 15 14 14 15 15 14 14 14 14 14 14 15 15 15 15 15 15 15 15 15 15 15 15 15 16 16 16 16 16 17 17 17 17 17 18 18 18 18 18 18 18 18 5 5 5 18 18 18 18 18 18 18 18 17 17 17 17 16 16 16 16 16 15 15 15 15 15 15 15 15 15 15 15 15 15 15 15 15 15 8 8 8 16 16 16 17 17 17 17 17 18 18 18 18 18 18 18 18 18 18 18 18 18 18 18 18 18 18 18 17 17 16 16 16 15 15 15 15 15 13 13 13 13 13 13 13 13 12 12 12 12 12 12 12 12 12
15 15 15 15 15 15 15 15 15 16 15 15 15 15 15 14 14 15 15 14 14 14 14 14 14 15 15 15 15 15 15 15 15 15 15 15 15 15 16 16 16 16 16 17 17 17 17 17 18 18 18 18 18 18 18 18 5 5 5 18 18 18 18 18 18 18 17 17 17 17 17 16 16 16 16 16 15 15 15 15 15 15 15 15 15 15 15 15 15 15 15 15 15 8 8 8 16 16 16 17 17 17 17 17 18 18 18 18 18 18 18 18 18 18 18 18 18 18 18 18 18 18 18 17 17 16 16 16 15 15 15 15 14 13 13 13 13 13 13 13 13 12 12 12 12 12 12 12 12 12
15 15 15 15 15 15 15 15 15 16 15 15 15 15 15 14 14 15 15 14 14 14 14 14 14 15 15 15 15 15 15 15 15 15 15 15 15 15 16 16 16 16 16 17 17 17 17 17 18 18 18 18 18 18 18 18 5 5 5 18 18 18 18 18 18 18 18 17 17 17 17 16 16 16 16 16 15 15 15 15 15 15 15 15 15 15 15 15 15 15 15 15 15 8 8 8 16 16 16 17 17 17 17 17 18 18 18 18 18 18 18 18 18 18 18 18 18 18 18 18 18 18 18 17 17 16 16 16 15 15 15 15 15 13 13 13 13 13 13 13 13 12 12 12 12 12 12 12 12 12
15 15 15 15 15 15 15 15 15 16 15 15 15 15 15 14 14 15 15 15 14 14 14 14 14 15 15 15 15 15 15 15 15 15 15 15 15 15 16 16 16 16 16 17 17 17 17 18 18 18 18 18 18 18 18 18 5 5 5 18 18 18 18 18 18 18 18 17 17 17 17 17 16 16 16 16 15 15 15 15 15 15 15 15 15 15 15 15 15 15 15 15 15 8 8 8 16 16 16 17 17 17 17 17 18 18 18 18 18 18 18 18 18 18 18 18 18 18 18 18 18 18 18 17 17 16 16 16 15 15 15 15 15 13 13 13 13 13 13 13 13 12 12 12 12 12 12 12 12 12
15 15 15 15 15 15 15 15 15 16 16 15 15 15 15 14 14 15 15 15 14 14 14 14 14 15 15 15 15 15 15 15 15 15 15 15 15 16 16 16 16 16 17 17 17 17 17 18 18 18 18 18 18 18 18 18 5 5 5 18 18 18 18 18 18 18 18 17 17 17 17 17 16 16 16 16 16 15 15 15 15 15 15 15 15 15 15 15 15 15 15 15 15 8 8 8 16 16 16 17 17 17 17 18 18 18 18 18 18 18 18 18 18 18 18 18 18 18 18 18 18 18 18 18 17 16 16 16 16 15 15 15 15 13 13 13 13 13 13 13 13 12 12 12 12 12 12 12 12 12
15 15 15 15 15 15 15 15 15 16 16 16 15 15 15 15 14 15 15 15 15 14 14 14 14 14 14 14 14 14 14 14 14 14 14 14 15 15 15 15 15 16 16 16 16 16 17 17 17 17 17 17 17 17 17 5 5 5 5 17 17 17 17 17 17 17 17 17 16 16 16 16 16 15 15 15 15 15 14 14 14 14 14 14 14 14 14 14 14 14 14 14 14 8 8 8 15 15 16 16 16 16 16 17 17 17 17 17 17 17 17 17 17 17 17 17 17 17 17 17 17 17 17 17 17 16 16 16 16 15 15 15 15 14 13 13 13 13 13 13 13 12 12 12 12 12 12 12 12 13
15 15 15 15 15 15 15 15 15 16 16 16 15 15 15 15 15 15 15 15 15 15 14 14 14 14 14 14 14 14 14 14 14 14 14 15 15 15 15 15 15 16 16 16 16 17 17 17 17 17 17 17 17 17 17 5 5 5 5 17 17 17 17 17 17 17 17 17 17 16 16 16 16 15 15 15 15 15 15 14 14 14 14 14 14 14 14 14 14 14 14 14 15 8 8 8 15 16 16 16 16 16 17 17 17 17 17 17 17 17 17 17 17 17 17 17 17 17 17 17 17 17 17 17 17 16 16 16 16 16 15 15 15 14 14 13 13 13 13 13 13 12 12 12 12 12 12 12 13 13
15 15 15 15 15 15 15 15 15 16 16 16 16 15 15 15 15 16 15 15 15 15 15 15 14 14 14 14 14 14 14 14 14 14 15 15 15 15 15 15 16 16 16 16 17 17 17 17 17 17 17 17 17 17 17 5 5 5 17 17 17 17 17 17 17 17 17 17 17 17 16 16 16 16 15 15 15 15 15 15 14 14 14 14 14 14 14 14 14 14 15 15 15 8 8 8 16 16 16 16 16 17 17 17 17 17 17 17 17 17 17 17 17 17 17 17 17 17 17 17 17 17 17 17 17 17 16 16 16 16 16 15 15 14 14 14 14 13 13 13 13 12 12 12 12 12 12 13 13 13
15 15 15 15 15 15 15 15 15 16 16 16 16 16 15 15 15 16 16 15 15 15 15 15 15 15 14 14 14 14 14 15 15 15 15 15 15 15 15 16 16 16 16 17 17 17 17 17 17 17 17 17 17 17 5 5 5 5 17 17 17 17 17 17 17 17 17 17 17 17 17 16 16 16 16 16 15 15 15 15 15 15 15 14 14 14 14 14 15 15 15 15 15 8 8 8 16 16 16 16 17 17 17 17 17 17 17 17 17 17 17 17 17 17 17 17 17 17 17 17 17 17 17 17 17 17 17 16 16 16 16 16 15 14 14 14 14 14 14 14 13 12 12 12 13 13 13 13 13 13
16 16 16 16 15 15 15 15 15 16 16 16 16 16 16 15 15 16 16 16 15 15 15 15 15 15 15 15 15 15 15 15 15 15 15 15 15 16 16 16 16 16 17 17 17 17 17 17 17 17 17 17 17 18 5 5 5 5 18 18 18 17 17 17 17 17 17 17 17 17 17 17 16 16 16 16 16 15 15 15 15 15 15 15 15 15 15 15 15 15 15 15 15 8 8 8 8 16 16 17 17 17 17 17 17 17 17 17 17 17 18 18 18 18 18 18 18 17 17 17 17 17 17 17 17 17 17 17 17 16 16 16 16 14 14 14 14 14 14 14 14 13 13 13 13 13 13 13 13 13
16 16 16 16 16 16 16 15 15 16 16 16 16 16 16 16 16 16 16 16 16 16 15 15 15 15 15 15 15 15 15 15 15 15 15 15 16 16 16 16 16 17 17 17 17 17 17 17 17 17 17 18 18 18 5 5 5 18 18 18 18 18 18 17 17 17 17 17 17 17 17 17 17 16 16 16 16 16 15 15 15 15 15 15 15 15 15 15 15 15 15 15 16 8 8 8 8 17 17 17 17 17 17 17 17 17 17 18 18 18 18 18 18 18 18 18 18 18 18 18 17 17 17 17 17 17 17 17 17 17 16 16 16 15 15 14 14 14 14 14 14 13 13 13 13 13 13 13 13 14
16 16 16 16 16 16 16 16 15 16 16 16 16 16 16 16 16 17 16 16 16 16 16 16 15 15 15 15 15 15 15 15 15 15 16 16 16 16 16 16 17 17 17 17 17 17 17 17 17 18 18 18 18 5 5 5 5 18 18 18 18 18 18 18 18 17 17 17 17 17 17 17 17 17 17 16 16 16 16 16 16 15 15 15 15 15 15 15 15 15 16 16 16 16 8 8 8 17 17 17 17 17 17 17 17 17 18 18 18 18 18 18 18 18 18 18 18 18 18 18 18 18 17 17 17 17 17 17 17 17 17 16 16 15 15 15 15 14 14 14 14 13 13 13 13 13 13 14 14 14
17 17 16 16 16 16 16 16 16 17 16 16 16 16 16 16 16 17 17 16 16 16 16 16 16 16 16 16 16 16 16 16 16 16 16 16 16 16 17 17 17 17 17 17 17 17 17 17 18 18 18 18 18 5 5 5 5 19 18 18 18 18 18 18 18 18 18 17 17 17 17 17 17 17 17 17 16 16 16 16 16 16 16 16 16 16 16 16 16 16 16 16 16 16 8 8 8 8 17 17 17 17 17 17 18 18 18 18 18 18 18 18 19 19 19 18 18 18 18 18 18 18 18 17 17 17 17 17 17 17 17 17 17 15 15 15 15 15 15 15 15 14 14 14 14 14 14 14 14 14
17 17 17 17 17 16 16 16 16 17 17 16 16 16 16 16 16 16 16 16 16 15 15 15 15 15 15 15 15 15 15 15 15 15 15 15 15 16 16 16 16 16 16 16 16 16 17 17 17 17 17 17 5 5 5 5 18 18 18 18 18 18 17 17 17 17 17 17 16 16 16 16 16 16 16 16 16 16 15 15 15 15 15 15 15 15 15 15 15 15 15 15 15 16 8 8 8 8 16 16 16 16 16 17 17 17 17 17 17 18 18 18 18 18 18 18 18 18 18 17 17 17 17 17 17 16 16 16 16 16 16 16 16 16 15 15 15 15 15 15 15 14 14 14 14 14 14 14 14 14
17 17 17 17 17 17 17 17 16 17 17 17 17 16 16 16 16 16 16 16 16 16 16 15 15 15 15 15 15 15 15 15 15 15 15 16 16 16 16 16 16 16 16 16 16 17 17 17 17 17 18 18 5 5 5 5 18 18 18 18 18 18 18 18 17 17 17 17 17 16 16 16 16 16 16 16 16 16 16 15 15 15 15 15 15 15 15 15 15 15 15 16 16 16 16 8 8 8 16 16 16 17 17 17 17 17 17 18 18 18 18 18 18 18 18 18 18 18 18 18 18 17 17 17 17 17 16 16 16 16 16 16 16 16 16 16 15 15 15 15 15 14 14 14 14 14 14 14 15 15
17 17 17 17 17 17 17 17 17 17 17 17 17 17 16 16 16 16 16 16 16 16 16 16 16 15 15 15 15 15 15 15 16 16 16 16 16 16 16 16 16 16 16 16 17 17 17 17 18 18 18 5 5 5 5 18 18 18 18 18 18 18 18 18 18 18 17 17 17 17 16 16 16 16 16 16 16 16 16 16 16 16 15 15 15 15 15 15 15 16 16 16 16 16 16 8 8 8 8 16 17 17 17 17 17 18 18 18 18 18 18 18 18 18 18 18 18 18 18 18 18 18 17 17 17 17 17 16 16 16 16 16 16 16 16 16 16 16 15 15 15 14 14 14 14 15 15 15 15 15
18 18 18 17 17 17 17 17 17 18 17 17 17 17 17 16 16 16 16 16 16 16 16 16 16 16 16 16 16 16 16 16 16 16 16 16 16 16 16 16 16 16 17 17 17 17 17 18 18 18 18 5 5 5 5 19 19 19 19 19 18 18 18 18 18 18 18 17 17 17 17 17 16 16 16 16 16 16 16 16 16 16 16 16 16 16 16 16 16 16 16 16 16 16 16 8 8 8 8 17 17 17 17 17 18 18 18 18 18 18 18 19 19 19 19 19 18 18 18 18 18 18 18 18 17 17 17 17 16 16 16 16 16 16 16 16 16 16 16 16 16 15 15 15 15 15 15 15 15 15
18 18 18 18 18 18 17 17 17 18 18 18 17 17 17 17 16 16 16 16 16 16 16 16 16 16 16 16 16 16 16 16 16 16 16 16 16 16 16 16 16 17 17 17 17 17 18 18 18 18 5 5 5 5 19 19 19 19 19 19 19 19 18 18 18 18 18 18 17 17 17 17 17 16 16 16 16 16 16 16 16 16 16 16 16 16 16 16 16 16 16 16 16 16 16 16 8 8 8 8 17 17 17 18 18 18 18 18 19 19 19 19 19 19 19 19 19 19 19 18 18 18 18 18 18 17 17 17 17 16 16 16 16 16 16 16 16 16 16 16 16 15 15 15 15 15 15 15 15 15
18 18 18 18 18 18 18 17 17 18 18 18 17 17 17 17 17 16 16 16 16 16 16 16 16 16 16 16 16 16 16 16 16 16 16 16 16 16 16 16 16 17 17 17 17 18 18 18 18 18 5 5 5 5 19 19 19 19 19 19 19 19 19 19 18 18 18 18 18 17 17 17 17 17 16 16 16 16 16 16 16 16 16 16 16 16 16 16 16 16 16 16 16 16 16 16 8 8 8 8 17 17 18 18 18 18 18 19 19 19 19 19 19 19 19 19 19 19 19 19 18 18 18 18 18 18 17 17 17 17 16 16 16 16 16 16 16 16 16 16 16 15 15 15 15 15 15 15 15 15
18 18 18 18 18 18 18 18 17 18 18 18 18 17 17 17 17 17 16 16 16 16 16 16 16 16 16 16 16 16 16 16 16 16 16 16 16 16 16 16 17 17 17 17 18 18 18 18 18 5 5 5 5 19 19 19 19 19 19 19 19 19 19 19 19 18 18 18 18 18 17 17 17 17 16 16 16 16 16 16 16 16 16 16 16 16 16 16 16 16 16 16 16 16 16 16 17 8 8 8 8 18 18 18 18 18 19 19 19 19 19 19 19 19 19 19 19 19 19 19 19 18 18 18 18 18 17 17 17 17 17 16 16 16 16 16 16 16 16 16 16 15 15 15 15 15 15 15 15 15
18 18 18 18 18 18 18 18 18 18 18 18 18 18 17 17 17 17 16 16 16 16 16 16 16 16 16 16 16 16 16 16 16 16 16 16 16 16 16 17 17 17 17 17 18 18 18 18 18 5 5 5 5 19 19 19 19 19 19 19 19 19 19 19 19 19 18 18 18 18 17 17 17 17 17 16 16 16 16 16 16 16 16 16 16 16 16 16 16 16 16 16 16 16 16 16 17 8 8 8 8 18 18 18 18 19 19 19 19 19 19 19 19 19 19 19 19 19 19 19 19 19 18 18 18 18 18 17 17 17 17 17 16 16 16 16 16 16 16 16 16 15 15 15 15 15 15 15 15 15
18 18 18 18 18 18 18 18 18 18 17 17 17 17 16 16 16 16 16 15 15 15 15 15 15 15 15 15 15 15 15 15 15 15 15 15 15 15 15 16 16 16 16 17 17 17 17 17 18 5 5 5 18 18 18 18 18 18 18 18 18 18 18 18 18 18 17 17 17 17 17 16 16 16 16 16 15 15 15 15 15 15 15 15 15 15 15 15 15 15 15 15 15 15 15 16 16 16 8 8 8 8 17 17 17 18 18 18 18 18 18 18 18 18 18 18 18 18 18 18 18 18 18 17 17 17 17 16 16 16 16 16 15 15 15 15 15 15 15 15 15 15 15 15 15 15 15 15 15 15
18 18 18 18 18 18 18 18 18 18 17 17 17 17 17 16 16 16 16 15 15 15 15 15 15 15 15 15 15 15 15 15 15 15 15 15 15 15 16 16 16 16 16 17 17 17 17 17 18 5 5 5 18 18 18 18 18 18 18 18 18 18 18 18 18 18 17 17 17 17 17 16 16 16 16 16 15 15 15 15 15 15 15 15 15 15 15 15 15 15 15 15 15 15 15 16 16 16 8 8 8 8 17 17 18 18 18 18 18 18 18 18 18 18 18 18 18 18 18 18 18 18 18 17 17 17 17 17 16 16 16 16 15 15 15 15 15 15 15 15 15 15 15 15 15 15 15 15 15 15
18 18 18 18 18 18 18 18 18 18 17 17 17 17 17 16 16 16 16 15 15 15 15 15 15 15 15 15 15 15 15 15 15 15 15 15 15 15 16 16 16 16 16 17 17 17 17 17 5 5 5 5 18 18 18 18 18 18 18 18 18 18 18 18 18 18 17 17 17 17 17 16 16 16 16 16 15 15 15 15 15 15 15 15 15 15 15 15 15 15 15 15 15 15 15 16 16 16 16 8 8 8 17 17 18 18 18 18 18 18 18 18 18 18 18 18 18 18 18 18 18 18 18 17 17 17 17 17 16 16 16 16 15 15 15 15 15 15 15 15 15 15 15 15 15 15 15 15 15 15
18 18 18 18 18 18 18 18 18 18 17 17 17 17 17 16 16 16 16 15 15 15 15 15 15 15 15 15 15 15 15 15 15 15 15 15 15 15 16 16 16 16 16 17 17 17 17 17 5 5 5 5 18 18 18 18 18 18 18 18 18 18 18 18 18 18 17 17 17 17 17 16 16 16 16 16 15 15 15 15 15 15 15 15 15 15 15 15 15 15 15 15 15 15 15 16 16 16 16 8 8 8 8 17 18 18 18 18 18 18 18 18 18 18 18 18 18 18 18 18 18 18 18 17 17 17 17 17 16 16 16 16 15 15 15 15 15 15 15 15 15 15 15 15 15 15 15 15 15 15
18 18 18 18 18 18 18 18 18 17 17 17 17 17 16 16 16 16 16 15 15 15 15 15 15 15 15 15 15 15 15 15 15 15 15 15 15 15 15 16 16 16 16 17 17 17 17 5 5 5 5 18 18 18 18 18 18 18 18 18 18 18 18 18 18 18 17 17 17 17 17 16 16 16 16 15 15 15 15 15 15 15 15 15 15 15 15 15 15 15 15 15 15 15 15 16 16 16 16 8 8 8 8 17 17 18 18 18 18 18 18 18 18 18 18 18 18 18 18 18 18 18 18 17 17 17 17 16 16 16 16 16 15 15 15 15 15 15 15 15 15 15 15 15 15 15 15 15 15 15
18 18 18 18 18 18 18 18 18 17 17 17 17 17 16 16 16 16 15 15 15 15 15 15 15 15 15 15 15 15 15 15 15 15 15 15 15 15 15 16 16 16 16 16 17 17 17 5 5 5 5 18 18 18 18 18 18 18 18 18 18 18 18 18 18 17 17 17 17 17 16 16 16 16 16 15 15 15 15 15 15 15 15 15 15 15 15 15 15 15 15 15 15 15 15 15 16 16 16 16 8 8 8 8 17 18 18 18 18 18 18 18 18 18 18 18 18 18 18 18 18 18 17 17 17 17 17 16 16 16 16 15 15 15 15 15 15 15 15 15 15 15 15 15 15 15 15 15 15 15
18 18 18 18 18 18 18 18 17 17 17 17 17 16 16 16 16 16 15 15 15 15 15 15 15 15 15 15 15 15 15 15 15 15 15 15 15 15 15 15 16 16 16 16 17 17 5 5 5 5 18 18 18 18 18 18 18 18 18 18 18 18 18 18 18 17 17 17 17 17 16 16 16 16 15 15 15 15 15 15 15 15 15 15 15 15 15 15 15 15 15 15 15 15 15 15 16 16 16 16 8 8 8 8 17 17 18 18 18 18 18 18 18 18 18 18 18 18 18 18 18 17 17 17 17 17 16 16 16 16 16 15 15 15 15 15 15 15 15 15 15 15 15 15 15 15 15 15 15 15
18 18 18 18 18 18 18 17 17 17 17 17 16 16 16 16 16 15 15 15 15 15 15 15 15 15 15 15 15 15 15 15 15 15 15 15 15 15 15 15 15 16 16 16 16 17 5 5 5 5 17 18 18 18 18 18 18 18 18 18 18 18 18 18 17 17 17 17 17 16 16 16 16 15 15 15 15 15 15 15 15 15 15 15 15 15 15 15 15 15 15 15 15 15 15 15 15 16 16 16 16 8 8 8 8 17 17 18 18 18 18 18 18 18 18 18 18 18 18 18 17 17 17 17 17 16 16 16 16 16 15 15 15 15 15 15 15 15 15 15 15 15 15 15 15 15 15 15 15 15
18 18 18 18 18 17 17 17 17 17 17 16 16 16 16 16 15 15 15 15 15 15 15 15 15 15 15 15 15 15 15 15 15 15 15 15 15 15 15 15 15 15 16 16 16 16 5 5 5 17 17 17 18 18 18 18 18 18 18 18 18 18 17 17 17 17 17 17 16 16 16 16 16 15 15 15 15 15 15 15 15 15 15 15 15 15 15 15 15 15 15 15 15 15 15 15 15 15 16 16 16 8 8 8 8 17 17 17 17 18 18 18 18 18 18 18 18 18 18 17 17 17 17 17 17 16 16 16 16 15 15 15 15 15 15 15 15 15 15 15 15 15 15 15 15 15 15 15 15 15
