125
15 14 14 14 14 14 14 14 14 14 13 13 13 13 13 13 13 13 13 12 12 12 12 12 12 12 12 12 12 12 12 12 12 12 12 12 12 12 13 13 13 13 13 13 13 13 13 13 14 14 14 14 14 14 14 14 14 14 14 14 14 14 14 14 7 7 7 7 13 13 13 13 13 13 13 13 12 12 12 12 12 12 12 12 12 12 12 12 12 12 12 12 12 12 12 13 13 13 13 13 13 13 13 13 14 14 14 14 14 14 14 14 14 14 14 14 14 14 14 14 14 14 14 13 13
15 15 15 15 15 14 14 14 14 14 14 13 13 13 13 13 13 13 13 13 13 12 12 12 12 12 12 12 12 12 12 12 12 12 12 12 12 13 13 13 13 13 13 13 13 13 14 14 14 14 14 14 15 15 15 15 15 15 15 15 15 15 14 14 7 7 7 7 13 13 13 13 13 13 13 13 13 12 12 12 12 12 12 12 12 12 12 12 12 12 12 12 12 13 13 13 13 13 13 13 13 13 13 14 14 14 14 14 14 15 15 15 15 15 15 15 15 15 14 14 14 14 14 14 13
15 15 15 15 15 15 15 14 14 14 14 14 14 13 13 13 13 13 13 13 13 13 13 12 12 12 12 12 12 12 12 12 12 12 12 13 13 13 13 13 13 13 13 13 13 14 14 14 14 14 15 15 15 15 15 15 15 15 15 15 15 15 15 15 7 7 7 14 14 13 13 13 13 13 13 13 13 13 13 12 12 12 12 12 12 12 12 12 12 12 12 13 13 13 13 13 13 13 13 13 13 14 14 14 14 14 14 15 15 15 15 15 15 15 15 15 15 15 15 15 15 14 14 14 14
15 15 15 15 15 15 15 15 15 14 14 14 14 14 13 13 13 13 13 13 13 13 13 13 13 12 12 12 12 12 12 12 13 13 13 13 13 13 13 13 13 13 13 13 14 14 14 14 14 15 15 15 15 15 15 15 15 15 15 15 15 15 15 15 7 7 7 14 14 14 13 13 13 13 13 13 13 13 13 13 13 13 12 12 12 12 12 12 12 13 13 13 13 13 13 13 13 13 13 13 14 14 14 14 14 15 15 15 15 15 15 15 15 15 15 15 15 15 15 15 15 15 14 14 14
16 16 16 15 15 15 15 15 15 15 14 14 14 14 14 13 13 13 13 13 13 13 13 13 13 13 13 13 13 13 13 13 13 13 13 13 13 13 13 13 13 13 13 14 14 14 14 15 15 15 15 15 15 15 16 16 16 16 16 16 15 15 15 15 7 7 7 14 14 14 14 14 13 13 13 13 13 13 13 13 13 13 13 13 13 13 13 13 13 13 13 13 13 13 13 13 13 13 13 14 14 14 14 14 15 15 15 15 15 15 15 16 16 16 16 16 15 15 15 15 15 15 15 14 14
16 16 16 16 16 16 15 15 15 15 15 14 14 14 14 14 13 13 13 13 13 13 13 13 13 13 13 13 13 13 13 13 13 13 13 13 13 13 13 13 13 13 14 14 14 14 15 15 15 15 15 15 16 16 16 16 16 16 16 16 16 16 15 15 7 7 7 15 14 14 14 14 14 13 13 13 13 13 13 13 13 13 13 13 13 13 13 13 13 13 13 13 13 13 13 13 13 13 14 14 14 14 14 15 15 15 15 15 15 16 16 16 16 16 16 16 16 16 16 15 15 15 15 15 15
16 16 16 16 16 16 16 15 15 15 15 15 14 14 14 14 14 13 13 13 13 13 13 13 13 13 13 13 13 13 13 13 13 13 13 13 13 13 13 13 13 14 14 14 14 15 15 15 15 15 16 16 16 16 16 16 16 16 16 16 16 16 16 16 7 7 7 15 15 14 14 14 14 14 13 13 13 13 13 13 13 13 13 13 13 13 13 13 13 13 13 13 13 13 13 13 13 14 14 14 14 14 15 15 15 15 15 16 16 16 16 16 16 16 16 16 16 16 16 16 15 15 15 15 15
16 16 16 16 16 16 16 16 15 15 15 15 15 14 14 14 14 14 13 13 13 13 13 13 13 13 13 13 13 13 13 13 13 13 13 13 13 13 13 13 14 14 14 14 15 15 15 15 15 16 16 16 16 16 16 16 16 16 16 16 16 16 16 7 7 7 7 15 15 15 14 14 14 14 13 13 13 13 13 13 13 13 13 13 13 13 13 13 13 13 13 13 13 13 13 13 14 14 14 14 14 15 15 15 15 15 16 16 16 16 16 16 16 16 16 16 16 16 16 16 16 15 15 15 15
16 16 16 16 16 16 16 16 16 15 15 15 15 15 14 14 14 14 13 13 13 13 13 13 13 13 13 13 13 13 13 13 13 13 13 13 13 13 13 14 14 14 14 14 15 15 15 15 15 16 16 16 16 16 16 16 16 16 16 16 16 16 16 7 7 7 7 15 15 15 14 14 14 14 14 13 13 13 13 13 13 13 13 13 13 13 13 13 13 13 13 13 13 13 13 13 14 14 14 14 15 15 15 15 15 16 16 16 16 16 16 16 16 16 16 16 16 16 16 16 16 16 15 15 15
16 16 16 16 16 16 16 16 16 16 16 16 16 16 15 15 15 15 15 14 14 14 14 14 14 14 14 14 14 14 14 14 14 14 14 14 14 14 14 15 15 15 15 16 16 16 16 16 17 17 17 17 17 17 17 17 17 17 17 17 17 17 17 7 7 7 16 16 16 16 16 15 15 15 15 14 14 14 14 14 14 14 14 14 14 14 14 14 14 14 14 14 14 14 14 15 15 15 15 15 16 16 16 16 16 17 17 17 17 17 17 17 17 17 17 17 16 16 16 16 16 16 16 15 15
16 16 16 16 16 16 16 16 16 17 16 16 16 16 16 15 15 15 15 14 14 14 14 14 14 14 14 14 14 14 14 14 14 14 14 14 14 14 15 15 15 15 15 16 16 16 16 16 17 17 17 17 17 17 17 17 17 17 17 17 17 17 7 7 7 7 16 16 16 16 16 15 15 15 15 15 14 14 14 14 14 14 14 14 14 14 14 14 14 14 14 14 14 14 14 15 15 15 15 15 16 16 16 16 17 17 17 17 17 17 17 17 17 17 17 17 16 16 16 16 16 16 16 15 15
16 16 16 16 16 16 16 16 16 17 16 16 16 16 16 15 15 15 15 14 14 14 14 14 14 14 14 14 14 14 14 14 14 14 14 14 14 14 15 15 15 15 15 16 16 16 16 16 17 17 17 17 17 17 17 17 17 17 17 17 17 17 7 7 7 7 16 16 16 16 16 15 15 15 15 15 14 14 14 14 14 14 14 14 14 14 14 14 14 14 14 14 14 14 14 15 15 15 15 16 16 16 16 16 17 17 17 17 17 17 17 17 17 17 17 17 16 16 16 16 16 16 16 15 15
16 16 16 16 16 16 16 16 16 17 16 16 16 16 16 15 15 15 15 14 14 14 14 14 14 14 14 14 14 14 14 14 14 14 14 14 14 14 15 15 15 15 15 16 16 16 16 16 17 17 17 17 17 17 17 17 17 17 17 17 17 17 7 7 7 17 16 16 16 16 16 15 15 15 15 15 14 14 14 14 14 14 14 14 14 14 14 14 14 14 14 14 14 14 14 15 15 15 15 15 16 16 16 16 17 17 17 17 17 17 17 17 17 17 17 17 16 16 16 16 16 16 16 15 15
16 16 16 16 16 16 16 16 16 16 16 16 16 16 15 15 15 15 15 14 14 14 14 14 14 14 14 14 14 14 14 14 14 14 14 14 14 14 14 15 15 15 15 16 16 16 16 16 17 17 17 17 17 17 17 17 17 17 17 17 17 7 7 7 7 17 16 16 16 16 16 15 15 15 15 14 14 14 14 14 14 14 14 14 14 14 14 14 14 14 14 14 14 14 14 15 15 15 15 15 16 16 16 16 16 17 17 17 17 17 17 17 17 17 17 17 16 16 16 16 16 16 16 15 15
16 16 16 16 16 16 16 16 16 16 16 16 16 16 15 15 15 15 14 14 14 14 14 14 14 14 14 14 14 14 14 14 14 14 14 14 14 14 14 15 15 15 15 15 16 16 16 16 16 17 17 17 17 17 17 17 17 17 17 17 17 7 7 7 7 16 16 16 16 16 15 15 15 15 15 14 14 14 14 14 14 14 14 14 14 14 14 14 14 14 14 14 14 14 14 14 15 15 15 15 16 16 16 16 16 17 17 17 17 17 17 17 17 17 17 17 16 16 16 16 16 16 15 15 15
16 16 16 16 16 16 16 16 15 16 16 16 16 15 15 15 15 15 14 14 14 14 14 14 14 14 14 14 14 14 14 14 14 14 14 14 14 14 14 14 15 15 15 15 16 16 16 16 16 17 17 17 17 17 17 17 17 17 17 17 17 7 7 7 17 16 16 16 16 16 15 15 15 15 14 14 14 14 14 14 14 14 14 14 14 14 14 14 14 14 14 14 14 14 14 14 15 15 15 15 15 16 16 16 16 16 17 17 17 17 17 17 17 17 17 17 16 16 16 16 16 15 15 15 15
16 16 16 16 16 16 16 15 15 16 16 16 15 15 15 15 15 14 14 14 14 14 14 14 14 14 14 14 14 14 14 14 14 14 14 14 14 14 14 14 14 15 15 15 15 16 16 16 16 16 17 17 17 17 17 17 17 17 17 17 17 7 7 7 16 16 16 16 16 15 15 15 15 15 14 14 14 14 14 14 14 14 14 14 14 14 14 14 14 14 14 14 14 14 14 14 14 15 15 15 15 15 16 16 16 16 16 17 17 17 17 17 17 17 17 17 16 16 16 16 15 15 15 15 15
16 16 16 16 16 16 15 15 15 16 16 15 15 15 15 15 14 15 15 15 15 15 15 15 15 15 15 15 15 15 15 15 15 15 15 15 15 15 15 15 15 15 16 16 16 16 17 17 17 17 17 17 18 18 18 18 18 18 18 18 18 7 7 7 17 17 17 17 16 16 16 16 16 15 15 15 15 15 15 15 15 15 15 15 15 15 15 15 15 15 15 15 15 15 15 15 15 15 16 16 16 16 16 17 17 17 17 17 16 17 17 17 17 17 17 17 16 16 16 15 15 15 15 15 15
16 16 16 15 15 15 15 15 15 16 15 15 15 15 15 14 14 15 15 15 15 15 15 15 15 15 15 15 15 15 15 15 15 15 15 15 15 15 15 15 15 15 15 16 16 16 16 17 17 17 17 17 17 17 17 18 18 18 18 18 7 7 7 7 17 17 17 16 16 16 16 16 15 15 15 15 15 15 15 15 15 15 15 15 15 15 15 15 15 15 15 15 15 15 15 15 15 15 15 16 16 16 16 16 17 17 17 17 16 16 16 17 17 17 17 17 15 15 15 15 15 15 15 14 14
15 15 15 15 15 15 15 15 15 15 15 15 15 15 14 14 14 15 15 15 15 15 15 15 15 14 14 14 14 14 14 14 14 15 15 15 15 15 15 15 15 15 15 15 16 16 16 16 16 17 17 17 17 17 17 17 17 17 17 17 7 7 7 7 17 17 16 16 16 16 15 15 15 15 15 15 15 15 15 15 15 15 14 14 14 14 14 14 14 15 15 15 15 15 15 15 15 15 15 15 16 16 16 16 16 17 17 17 16 16 16 16 16 16 16 16 15 15 15 15 15 15 14 14 14
15 15 15 15 15 15 15 14 14 15 15 15 15 14 14 14 14 15 15 15 15 15 15 14 14 1 14 14 14 14 14 14 14 14 14 15 15 15 15 15 15 15 15 15 15 16 16 16 16 16 17 17 17 17 17 17 17 17 17 7 7 7 7 17 16 16 16 16 16 15 15 15 15 15 15 15 15 15 15 14 14 14 14 14 14 14 14 14 14 14 14 15 15 15 15 15 15 15 15 15 15 16 16 16 16 16 16 17 16 16 16 16 16 16 16 16 15 15 15 15 15 14 14 14 14
15 15 15 15 15 14 14 14 14 15 15 14 14 14 14 14 14 15 15 15 15 14 1 1 1 1 1 1 1 14 14 14 14 14 14 14 14 15 15 15 15 15 15 15 15 15 16 16 16 16 16 16 17 17 17 17 17 17 17 7 7 7 7 16 16 16 16 16 15 15 15 15 15 15 15 15 15 14 14 14 14 14 14 14 14 14 14 14 14 14 14 14 14 15 15 15 15 15 15 15 15 15 15 16 16 16 16 16 15 16 16 16 16 16 16 16 15 15 14 14 14 14 14 14 13
14 14 14 14 14 14 14 14 14 15 14 14 14 14 14 14 14 15 15 14 14 1 1 1 1 1 1 1 1 1 14 14 14 14 14 14 14 14 15 15 15 15 15 15 15 15 15 15 16 16 16 16 16 16 16 16 16 16 16 7 7 7 16 16 16 16 15 15 15 15 15 15 15 15 15 15 14 14 14 14 14 14 14 14 14 13 14 14 14 14 14 14 14 14 14 15 15 15 15 15 15 15 15 15 16 16 16 16 15 15 15 15 15 15 15 15 14 14 14 14 14 14 14 13 13
14 14 14 14 14 14 14 14 13 14 14 14 14 14 14 14 14 15 14 14 14 1 1 1 1 1 1 1 1 1 13 13 13 13 14 14 14 14 14 14 15 15 15 15 15 15 15 15 15 16 16 16 16 16 16 16 16 16 16 7 7 7 16 16 16 15 15 15 15 15 15 15 15 15 14 14 14 14 14 14 13 13 13 13 13 13 13 13 13 13 14 14 14 14 14 14 15 15 15 15 15 15 15 15 15 15 16 16 15 15 15 15 15 15 15 15 14 14 14 14 14 13 13 13 13
14 14 14 14 14 14 14 13 13 14 14 14 14 14 14 14 14 14 14 14 14 1 1 1 1 1 1 1 1 1 13 13 13 13 13 13 14 14 14 14 14 15 15 15 15 15 15 15 15 15 15 16 16 16 16 16 16 16 7 7 7 7 16 15 15 15 15 15 15 15 15 15 15 14 14 14 14 14 13 13 13 13 13 13 13 13 13 13 13 13 13 13 14 14 14 14 14 15 15 15 15 15 15 15 15 15 15 15 15 15 15 15 15 15 15 15 14 14 14 14 13 13 13 13 13
14 14 14 14 13 13 13 13 13 14 14 14 14 14 14 13 13 14 14 14 1 1 1 1 1 1 1 1 1 1 1 14 14 14 14 14 14 15 15 15 15 15 16 16 16 16 16 16 16 16 16 16 16 17 17 17 17 17 7 7 7 7 16 16 16 16 16 16 16 16 16 16 15 15 15 15 15 14 14 14 14 14 14 14 14 14 14 14 14 14 14 14 14 14 15 15 15 15 15 16 15 15 15 15 15 15 15 15 14 14 15 15 15 15 15 15 14 13 13 13 13 13 13 13 13
13 13 13 13 13 13 13 13 13 14 14 14 14 14 13 13 13 14 14 13 13 1 1 1 1 1 1 1 1 1 13 14 14 14 14 14 14 14 14 15 15 15 15 16 16 16 16 16 16 16 16 16 16 16 16 16 16 16 7 7 7 16 16 16 16 16 16 16 16 16 16 15 15 15 15 14 14 14 14 14 14 14 14 13 13 13 13 13 14 14 14 14 14 14 14 15 15 15 15 15 15 15 15 15 15 15 15 15 14 14 14 14 14 14 14 14 13 13 13 13 13 13 13 13 13
13 13 13 13 13 13 13 13 13 14 14 14 14 13 13 13 13 14 13 13 13 1 1 1 1 1 1 1 1 1 13 13 13 13 14 14 14 14 14 14 15 15 15 15 16 16 16 16 16 16 16 16 16 16 16 16 16 16 7 7 7 16 16 16 16 16 16 16 16 16 15 15 15 15 14 14 14 14 14 14 13 13 13 13 13 13 13 13 13 13 14 14 14 14 14 14 15 15 15 15 14 15 15 15 15 15 15 15 14 14 14 14 14 14 14 14 13 13 13 13 13 13 13 13 13
13 13 13 13 13 13 13 13 13 14 14 14 13 13 13 13 13 13 13 13 13 1 1 1 1 1 1 1 1 1 13 13 13 13 13 14 14 14 14 14 14 15 15 15 15 16 16 16 16 16 16 16 16 16 16 16 16 16 7 7 7 16 16 16 16 16 16 16 16 15 15 15 15 14 14 14 14 14 14 13 13 13 13 13 13 13 13 13 13 13 13 13 14 14 14 14 14 15 15 15 14 14 15 15 15 15 15 15 14 14 14 14 14 14 14 14 13 13 13 13 13 13 13 13 13
13 13 13 13 13 13 13 13 13 14 14 13 13 13 13 13 12 13 13 13 13 12 1 1 1 1 1 1 1 13 13 13 13 13 13 13 14 14 14 14 14 15 15 15 15 15 16 16 16 16 16 16 16 16 16 16 16 16 7 7 7 16 16 16 16 16 16 16 15 15 15 15 15 14 14 14 14 14 13 13 13 13 13 13 13 13 13 13 13 13 13 13 13 14 14 14 3 14 15 15 14 14 14 15 15 15 15 15 14 14 14 14 14 14 14 14 13 13 13 13 13 13 13 13 13
13 13 13 13 13 13 13 13 13 14 14 13 13 13 13 12 12 13 13 13 12 12 12 12 12 1 13 13 13 13 13 13 13 13 13 13 13 14 14 14 14 14 15 15 15 15 15 16 16 16 16 16 16 16 16 16 16 16 7 7 7 16 16 16 16 16 16 15 15 15 15 15 14 14 14 14 14 13 13 13 13 13 13 13 13 13 13 13 13 13 13 13 13 3 3 3 3 3 3 3 14 14 14 15 15 15 15 15 14 14 14 14 14 14 14 14 13 13 13 13 13 13 13 13 12
13 13 13 13 13 13 13 13 13 14 13 13 13 13 13 12 12 13 13 13 12 12 12 12 12 13 13 13 13 13 13 13 13 13 13 13 13 13 14 14 14 14 14 15 15 15 15 16 16 16 16 16 16 16 16 16 16 16 7 7 7 16 16 16 16 16 16 15 15 15 15 15 14 14 14 14 13 13 13 13 13 13 13 13 13 13 13 13 13 13 13 13 3 3 3 3 3 3 3 3 3 14 14 14 15 15 15 15 14 14 14 14 14 14 14 14 13 13 13 13 13 13 13 12 12
13 13 13 13 13 13 13 13 13 14 13 13 13 13 13 12 12 13 13 12 12 12 12 12 12 13 13 13 13 13 13 13 13 13 13 13 13 13 14 14 14 14 14 15 15 15 15 15 16 16 16 16 16 16 16 16 16 16 7 7 7 16 16 16 16 16 16 15 15 15 15 14 14 14 14 14 13 13 13 13 13 13 13 13 13 13 13 13 13 13 13 3 3 3 3 3 3 3 3 3 3 3 14 14 15 15 15 15 14 14 14 14 14 14 14 14 13 13 13 13 13 13 13 12 12
13 13 13 13 13 13 13 13 13 14 13 13 13 13 13 12 12 13 13 12 12 12 12 12 12 13 13 13 13 13 13 13 13 13 13 13 13 13 14 14 14 14 14 15 15 15 15 15 16 16 16 16 16 16 16 16 16 16 7 7 7 16 16 16 16 16 15 15 15 15 15 14 14 14 14 14 13 13 13 13 13 13 13 13 13 13 13 13 13 13 13 3 3 3 3 3 3 3 3 3 3 3 14 14 15 15 15 15 14 14 14 14 14 14 14 14 13 13 13 13 13 13 13 12 12
13 13 13 13 13 13 13 13 13 14 13 13 13 13 13 12 12 13 13 12 12 12 12 12 12 13 13 13 13 13 13 13 13 13 14 14 14 14 15 15 15 15 15 16 16 16 16 16 17 17 17 17 17 17 17 17 17 17 7 7 7 17 17 17 17 17 17 16 16 16 16 15 15 15 15 15 14 14 14 14 14 14 14 14 14 14 14 14 14 14 14 3 3 3 3 3 3 3 3 3 3 3 14 14 15 15 15 15 14 14 14 14 14 14 14 14 13 13 13 13 13 13 13 12 12
13 13 13 13 13 13 13 13 13 14 13 13 13 13 13 12 12 13 13 13 12 12 12 12 12 13 13 13 13 13 13 13 13 13 14 14 14 14 15 15 15 15 15 16 16 16 16 17 17 17 17 17 17 17 17 17 17 17 7 7 7 17 17 17 17 17 17 16 16 16 16 16 15 15 15 15 14 14 14 14 14 14 14 14 14 14 14 14 14 14 3 3 3 3 3 3 3 3 3 3 3 3 3 14 15 15 15 15 14 14 14 14 14 14 14 14 13 13 13 13 13 13 13 12 12
13 13 13 13 13 13 13 13 13 14 14 13 13 13 13 12 12 13 13 13 12 12 12 12 12 13 13 13 13 13 13 13 13 13 14 14 14 15 15 15 15 15 16 16 16 16 16 17 17 17 17 17 17 17 17 17 17 17 7 7 7 17 17 17 17 17 17 16 16 16 16 16 15 15 15 15 15 14 14 14 14 14 14 14 14 14 14 14 14 14 14 3 3 3 3 3 3 3 3 3 3 3 14 15 15 15 15 15 14 14 14 14 14 14 14 14 13 13 13 13 13 13 13 13 12
13 13 13 13 13 13 13 13 13 14 14 14 13 13 13 13 12 13 13 13 13 12 12 12 12 13 13 13 13 13 13 13 13 13 14 14 15 15 15 15 15 16 16 16 16 16 17 17 17 17 17 17 17 17 17 17 17 17 7 7 7 17 17 17 17 17 17 17 16 16 16 16 16 15 15 15 15 15 14 14 14 14 14 14 14 14 14 14 14 14 14 3 3 3 3 3 3 3 3 3 3 3 14 15 15 15 15 15 14 14 14 14 14 14 14 14 13 13 13 13 13 13 13 13 13
13 13 13 13 13 13 13 13 13 14 14 14 13 13 13 13 13 13 13 13 13 13 12 12 12 13 13 13 13 13 13 13 13 13 14 15 15 15 15 15 15 16 16 16 16 17 17 17 17 17 17 17 17 17 17 17 17 17 7 7 7 7 17 17 17 17 17 17 17 16 16 16 16 15 15 15 15 15 15 14 14 14 14 14 14 14 14 14 14 14 14 3 3 3 3 3 3 3 3 3 3 3 15 15 15 15 15 15 14 14 14 14 14 14 14 14 13 13 13 13 13 13 13 13 13
13 13 13 13 13 13 13 13 13 14 14 14 14 13 13 13 13 14 13 13 13 13 13 13 12 13 13 13 13 13 13 13 13 13 15 15 15 15 15 15 16 16 16 16 17 17 17 17 17 17 17 17 17 17 17 17 17 17 7 7 7 7 17 17 17 17 17 17 17 17 16 16 16 16 15 15 15 15 15 15 14 14 14 14 14 14 14 14 14 14 15 14 3 3 3 3 3 3 3 3 3 15 15 15 15 15 15 15 14 14 14 14 14 14 14 14 13 13 13 13 13 13 13 13 13
13 13 13 13 13 13 13 13 13 14 14 14 14 14 13 13 13 14 14 13 13 13 13 13 13 14 13 13 13 13 13 14 14 14 15 15 15 15 15 16 16 16 16 17 17 17 17 17 17 17 17 17 17 17 17 17 17 17 17 7 7 7 17 17 17 17 17 17 17 17 17 16 16 16 16 16 15 15 15 15 15 15 15 14 14 14 14 14 15 15 15 14 14 3 3 3 3 3 3 3 15 15 15 15 15 15 15 15 14 14 14 14 14 14 14 14 13 13 13 13 13 13 13 13 13
14 14 14 14 13 13 13 13 13 14 14 14 14 14 14 13 13 14 14 14 13 13 13 13 13 14 14 14 14 14 14 14 14 14 15 15 15 16 16 16 16 16 17 17 17 17 17 17 17 17 17 17 17 18 18 18 18 18 18 7 7 7 7 17 17 17 17 17 17 17 17 17 16 16 16 16 16 15 15 15 15 15 15 15 15 15 15 15 15 15 15 14 14 14 15 15 3 15 15 16 15 15 15 15 15 15 15 15 14 14 15 15 15 15 15 15 14 13 13 13 13 13 13 13 13
14 14 14 14 14 14 14 13 13 14 14 14 14 14 14 14 14 14 14 14 14 14 13 13 13 14 14 14 14 14 14 14 14 14 15 15 16 16 16 16 16 17 18 18 18 18 18 18 18 18 18 19 19 19 19 19 19 19 19 7 7 7 7 18 18 18 18 18 18 18 18 18 18 17 17 17 17 17 16 16 16 16 16 15 15 15 15 15 15 15 15 14 15 15 15 15 15 16 16 16 15 15 15 15 15 15 15 15 15 15 15 15 15 15 15 15 14 14 14 14 13 13 13 13 13
14 14 14 14 14 14 14 14 13 14 14 14 14 14 14 14 14 15 14 14 14 14 14 14 13 14 14 14 14 14 14 14 14 14 16 16 16 16 16 16 17 17 18 18 18 18 18 18 18 19 19 19 19 19 19 19 19 19 19 19 7 7 7 19 19 18 18 18 18 18 18 18 18 18 18 17 17 17 17 17 17 16 16 15 15 15 15 15 15 15 16 15 15 15 15 15 16 16 16 16 15 15 15 15 15 15 16 16 15 15 15 15 15 15 15 15 14 14 14 14 14 13 13 13 13
15 14 14 14 14 14 14 14 14 15 14 14 14 14 14 14 14 15 15 14 14 14 14 14 14 15 15 15 15 15 15 15 15 15 16 16 16 16 17 17 17 17 18 18 18 18 18 18 19 19 19 19 19 19 19 19 20 20 19 19 7 7 7 7 19 19 18 18 18 18 18 18 18 18 18 18 17 17 17 17 17 17 17 16 16 16 16 16 16 16 16 15 15 15 15 16 16 16 16 16 15 15 15 15 16 16 16 16 15 15 15 15 15 16 15 15 14 14 14 14 14 14 14 13 13
15 15 15 15 15 14 14 14 14 15 15 14 14 14 14 14 14 15 15 15 15 14 14 14 14 15 15 15 15 15 15 15 15 15 16 16 16 17 17 17 17 17 18 18 18 18 19 19 19 19 19 19 20 20 20 20 20 20 20 20 7 7 7 7 19 19 19 19 18 18 18 18 18 18 18 18 18 17 17 17 17 17 17 16 16 16 16 16 16 16 16 15 15 16 16 16 16 16 16 16 15 15 15 16 16 16 16 16 15 16 16 16 16 16 16 16 15 15 15 14 14 14 14 14 13
15 15 15 15 15 15 15 14 14 15 15 15 15 14 14 14 14 15 15 15 15 15 15 14 14 15 15 15 15 15 15 15 15 15 16 17 17 17 17 17 17 17 18 18 18 19 19 19 19 19 20 20 20 20 20 20 20 20 20 20 20 7 7 7 19 19 19 19 19 18 18 18 18 18 18 18 18 18 18 17 17 17 17 16 16 16 16 16 16 16 16 16 16 16 16 16 16 16 16 16 15 16 16 16 16 16 16 17 16 16 16 16 16 16 16 16 15 15 15 15 15 14 14 14 14
15 15 15 15 15 15 15 15 15 15 15 15 15 15 14 14 14 15 15 15 15 15 15 15 15 15 15 15 15 15 15 15 16 16 17 17 17 17 17 17 17 17 18 18 19 19 19 19 19 20 20 20 20 20 20 20 20 20 20 20 20 7 7 7 20 20 19 19 19 19 18 18 18 18 18 18 18 18 18 18 18 18 17 16 16 16 16 16 16 17 17 16 16 16 16 16 16 16 16 16 16 16 16 16 16 17 17 17 16 16 16 16 16 16 16 16 15 15 15 15 15 15 14 14 14
16 16 16 15 15 15 15 15 15 16 15 15 15 15 15 14 14 15 15 15 15 15 15 15 15 16 16 16 16 16 16 16 16 16 17 17 17 17 17 17 17 17 18 19 19 19 19 20 20 20 20 20 20 20 21 21 21 21 21 21 20 7 7 7 20 20 20 19 19 19 19 19 18 18 18 18 18 18 18 18 18 18 18 17 17 17 17 17 17 17 17 16 16 16 16 16 16 16 16 17 16 16 16 16 17 17 17 17 16 16 16 17 17 17 17 17 15 15 15 15 15 15 15 14 14
16 16 16 16 16 16 15 15 15 16 16 15 15 15 15 15 14 15 15 15 15 15 15 15 15 16 16 16 16 16 16 16 16 16 17 17 17 17 17 17 17 18 19 19 19 19 20 20 20 20 20 20 21 21 21 21 21 21 21 21 21 7 7 7 7 20 20 20 19 19 19 19 19 18 18 18 18 18 18 18 18 18 18 17 17 17 17 17 17 17 17 16 16 16 16 16 16 16 17 17 16 16 16 17 17 17 17 17 17 17 17 17 17 17 17 17 16 16 16 15 15 15 15 15 15
16 16 16 16 16 16 16 15 15 16 16 16 15 15 15 15 15 15 15 15 15 15 15 15 15 16 16 16 16 16 16 16 16 16 17 17 17 17 17 17 17 18 19 19 19 20 20 20 20 20 22 22 22 22 22 22 22 22 22 22 22 7 7 7 7 21 21 21 21 20 20 20 20 20 19 18 18 18 18 18 18 18 18 17 17 17 17 17 17 17 17 16 16 16 16 16 16 17 17 17 16 16 17 17 17 17 17 18 17 17 17 17 17 17 17 17 16 16 16 16 15 15 15 15 15
16 16 16 16 16 16 16 16 15 16 16 16 16 15 15 15 15 16 15 15 15 15 15 15 15 16 16 16 16 16 16 16 16 16 17 17 17 17 17 17 18 18 19 19 20 20 20 20 20 21 22 22 22 22 22 22 22 22 22 22 22 22 7 7 7 21 21 21 21 21 20 20 20 20 19 18 18 18 18 18 18 18 18 17 17 17 17 17 17 17 17 16 16 16 16 16 17 17 17 17 16 17 17 17 17 17 18 18 17 17 17 17 17 17 17 17 16 16 16 16 16 15 15 15 15
16 16 16 16 16 16 16 16 16 16 16 16 16 16 15 15 15 16 15 15 15 15 15 15 15 16 16 16 16 16 16 16 16 16 17 17 17 17 17 18 18 18 19 19 20 20 20 20 20 21 22 22 22 22 22 22 22 22 22 22 22 22 7 7 7 7 21 21 21 21 20 20 20 20 20 18 18 18 18 18 18 18 18 17 17 17 17 17 17 17 17 16 16 16 16 16 17 17 17 17 17 17 17 17 17 18 18 18 17 17 17 17 17 17 17 17 16 16 16 16 16 16 15 15 15
16 16 16 16 16 16 16 16 16 17 16 16 16 16 15 15 15 16 16 15 15 15 15 15 15 16 16 16 16 16 16 16 16 16 17 17 17 17 17 18 18 18 19 20 20 20 20 20 21 21 22 22 22 22 22 22 22 22 22 22 22 22 7 7 7 7 21 21 21 21 21 20 20 20 20 18 18 18 18 18 18 18 18 17 17 17 17 17 17 17 17 16 16 16 16 17 17 17 17 17 17 17 17 17 17 18 18 18 17 17 17 17 17 17 17 17 16 16 16 16 16 16 16 15 15
16 16 16 16 16 16 16 16 16 17 16 16 16 16 16 15 15 16 16 15 15 15 15 15 15 16 16 16 16 16 16 16 16 16 17 17 17 17 18 18 18 18 19 20 20 20 20 20 21 21 22 22 22 22 22 22 22 22 22 22 22 22 22 7 7 7 21 21 21 21 21 20 20 20 20 19 18 18 18 18 18 18 18 17 17 17 17 17 17 17 17 16 16 16 16 17 17 17 17 17 17 17 17 17 18 18 18 18 17 17 17 17 17 17 17 17 16 16 16 16 16 16 16 15 15
16 16 16 16 16 16 16 16 16 17 16 16 16 16 16 15 15 16 16 15 15 15 15 15 15 16 16 16 16 16 16 16 16 16 17 17 17 17 18 18 18 18 19 20 20 20 20 20 21 21 22 22 22 22 22 22 22 22 22 22 22 22 22 7 7 7 7 21 21 21 21 20 20 20 20 19 18 18 18 18 18 18 18 17 17 17 17 17 17 17 17 16 16 16 16 17 17 17 17 18 17 17 17 17 18 18 18 18 17 17 17 17 17 17 17 17 16 16 16 16 16 16 16 15 15
16 16 16 16 16 16 16 16 16 17 16 16 16 16 16 15 15 16 16 15 15 15 15 15 15 16 16 16 16 16 16 16 16 16 17 17 17 17 18 18 18 18 19 20 20 20 20 20 21 21 22 22 22 22 22 22 22 22 22 22 22 22 22 7 7 7 7 21 21 21 21 20 20 20 20 19 18 18 18 18 18 18 18 17 17 17 17 17 17 17 17 16 16 16 16 17 17 17 17 17 17 17 17 17 18 18 18 18 17 17 17 17 17 17 17 17 16 16 16 16 16 16 16 15 15
16 16 16 16 16 16 16 16 16 16 16 16 16 16 15 15 15 16 16 15 15 15 15 15 15 16 16 16 16 16 16 16 16 16 17 17 17 17 17 18 18 18 19 20 20 20 20 20 21 21 22 22 22 22 22 22 22 22 22 22 22 22 22 22 7 7 7 21 21 21 21 20 20 20 20 18 18 18 18 18 18 18 18 17 17 17 17 17 17 17 17 16 16 16 16 17 17 17 17 17 17 17 17 17 17 18 18 18 17 17 17 17 17 17 17 17 16 16 16 16 16 16 16 15 15
16 16 16 16 16 16 16 16 16 16 16 16 16 16 15 15 15 16 15 15 15 15 15 15 15 16 16 16 16 16 16 16 16 16 17 17 17 17 17 7 7 7 7 7 7 7 7 7 7 7 7 7 7 7 7 7 22 22 22 22 22 22 22 22 7 7 7 21 21 21 20 20 20 20 20 18 18 18 18 18 18 18 18 17 17 17 17 17 17 17 17 16 16 16 16 16 17 17 17 17 17 17 7 7 7 7 7 7 7 7 7 7 7 7 7 7 7 7 7 16 16 16 15 15 15
16 16 16 16 16 16 16 16 15 16 16 16 16 15 15 15 15 16 15 15 15 15 15 15 15 16 16 16 16 16 16 16 16 16 17 17 7 7 7 7 7 7 7 7 7 7 7 7 7 7 7 7 7 7 7 7 7 7 7 23 23 23 23 23 7 7 7 21 21 21 20 20 20 20 19 18 18 18 18 18 18 18 18 17 17 17 17 17 17 17 17 16 16 16 16 16 17 17 17 7 7 7 7 7 7 7 7 7 7 7 7 7 7 7 7 7 7 7 7 7 7 7 15 15 15
16 16 16 16 16 16 16 15 15 16 16 16 15 15 15 15 15 15 15 15 15 15 15 15 15 16 16 16 16 16 16 16 16 7 7 7 7 7 7 7 7 7 7 7 7 7 7 7 7 7 7 7 7 7 7 7 7 7 7 7 7 7 23 23 7 7 7 21 21 20 20 20 20 19 19 18 18 18 18 18 18 18 18 17 17 17 17 17 17 17 17 16 16 16 16 16 7 7 7 7 7 7 7 7 7 7 7 7 7 7 7 7 7 7 7 7 7 7 7 7 7 7 7 7 7
7 7 7 7 16 16 15 15 15 16 16 15 15 15 15 15 14 15 15 15 15 15 15 15 15 16 16 16 7 7 7 7 7 7 7 7 7 7 7 7 7 17 19 19 19 19 20 20 20 20 21 21 22 22 7 7 7 7 7 7 7 7 7 7 7 7 7 21 20 20 20 20 20 19 19 18 18 18 18 18 18 18 18 17 17 17 17 17 17 17 17 7 7 7 7 7 7 7 7 7 7 7 7 7 17 17 17 17 16 17 17 17 17 17 17 17 16 7 7 7 7 7 7 7 7
7 7 7 7 7 7 7 15 15 16 15 15 15 15 15 14 14 15 15 15 15 15 15 15 15 16 7 7 7 7 7 7 7 7 7 7 7 7 17 17 17 17 18 19 19 19 19 20 20 20 21 21 21 21 21 22 22 7 7 7 7 7 7 7 7 7 7 7 7 7 20 20 19 19 19 18 18 18 18 18 18 18 18 17 17 17 17 17 17 7 7 7 7 7 7 7 7 7 7 7 7 16 16 16 17 17 17 17 16 16 16 17 17 17 17 17 15 15 15 15 7 7 7 7 7
7 7 7 7 7 7 7 7 7 7 15 15 15 15 14 14 14 15 15 15 15 15 7 7 7 7 7 7 7 7 7 7 7 7 7 17 17 17 17 17 17 17 18 18 19 19 19 19 19 20 21 21 21 21 21 21 21 21 21 22 7 7 7 7 7 7 7 7 7 7 7 7 7 19 19 18 18 18 18 18 18 18 17 16 16 7 7 7 7 7 7 7 7 7 7 7 7 7 16 16 16 16 16 16 16 17 17 17 16 16 16 16 16 16 16 16 15 15 15 15 15 15 14 7 7
15 15 7 7 7 7 7 7 7 7 7 7 7 7 7 7 7 7 7 7 7 7 7 7 7 7 7 7 7 7 15 15 15 15 16 17 17 17 17 17 17 17 18 18 18 19 19 19 19 19 21 21 21 21 21 21 21 21 21 22 22 22 22 22 7 7 7 7 7 7 7 7 7 7 7 7 7 7 7 7 7 7 7 7 7 7 7 7 7 7 7 7 7 16 16 16 16 16 16 16 15 16 16 16 16 16 16 17 16 16 16 16 16 16 16 16 15 15 15 15 14 14 14 14 14
15 15 15 15 15 7 7 7 7 7 7 7 7 7 7 7 7 7 7 7 7 7 7 7 7 7 7 7 15 15 15 15 15 15 16 16 16 17 17 17 17 17 18 18 18 18 19 19 19 19 20 20 21 21 21 21 21 21 21 22 22 22 21 21 7 7 7 20 7 7 7 7 7 7 7 7 7 7 7 7 7 7 7 7 7 7 7 7 7 7 7 15 15 16 16 16 16 16 16 16 15 15 15 16 16 16 16 16 15 16 16 16 16 16 16 16 15 15 14 14 14 14 14 14 13
14 14 14 14 14 14 14 14 7 7 7 7 7 7 7 7 7 7 7 7 7 7 7 7 14 15 15 15 14 14 15 15 15 15 16 16 16 16 17 17 17 17 18 18 18 18 18 18 19 19 20 20 20 20 20 20 20 20 20 20 20 20 20 20 7 7 7 19 19 19 19 7 7 7 7 7 7 7 7 7 7 7 7 7 7 7 7 16 16 16 16 15 15 15 15 16 16 16 16 16 15 15 15 15 16 16 16 16 15 15 15 15 15 15 15 15 14 14 14 14 14 14 14 13 13
14 14 14 14 14 14 14 14 13 14 14 14 14 14 14 14 14 15 14 14 14 14 14 14 13 14 14 14 14 14 14 14 14 14 16 16 16 16 16 16 17 17 18 18 18 18 18 18 18 19 20 20 20 20 20 20 20 20 20 20 20 20 20 20 7 7 7 19 19 19 19 19 19 19 18 17 17 17 17 17 16 16 16 15 15 15 15 15 15 15 16 15 15 15 15 15 16 16 16 16 15 15 15 15 15 15 16 16 15 15 15 15 15 15 15 15 14 14 14 14 14 13 13 13 13
14 14 14 14 14 14 14 13 13 14 14 14 14 14 14 14 14 14 14 14 14 14 13 13 13 14 14 14 14 14 14 14 14 14 15 15 16 16 16 16 16 17 18 18 18 18 18 18 18 18 19 20 20 20 20 20 20 20 20 20 20 20 20 19 7 7 7 19 19 19 19 19 19 18 18 17 17 17 16 16 16 16 16 15 15 15 15 15 15 15 15 14 15 15 15 15 15 15 16 16 15 15 15 15 15 15 15 15 15 15 15 15 15 15 15 15 14 14 14 14 13 13 13 13 13
14 14 14 14 13 13 13 13 13 14 14 14 14 14 14 13 13 14 14 14 13 13 13 13 13 14 14 14 14 14 14 14 14 14 15 15 15 16 16 16 16 16 18 18 18 18 18 18 18 18 19 19 19 20 20 20 20 20 20 20 20 19 19 19 7 7 7 19 19 19 19 19 18 18 18 17 17 16 16 16 16 16 16 15 15 15 15 15 15 15 15 14 14 14 15 15 15 15 15 16 15 15 15 15 15 15 15 15 14 14 15 15 15 15 15 15 14 13 13 13 13 13 13 13 13
13 13 13 13 13 13 13 13 13 14 14 14 14 14 13 13 13 14 14 13 13 13 13 13 13 14 13 13 13 13 13 14 14 14 15 15 15 15 15 16 16 16 17 18 18 18 18 18 18 18 19 19 19 19 19 19 19 19 19 19 19 19 19 7 7 7 7 19 19 19 19 18 18 18 18 16 16 16 16 16 16 16 16 14 14 14 14 14 15 15 15 14 14 14 14 15 15 15 15 15 15 15 15 15 15 15 15 15 14 14 14 14 14 14 14 14 13 13 13 13 13 13 13 13 13
13 13 13 13 13 13 13 13 13 14 14 14 14 13 13 13 13 14 13 13 13 13 13 13 12 13 13 13 13 13 13 13 13 13 15 15 15 15 15 15 16 16 17 17 18 18 18 18 18 18 19 19 19 19 19 19 19 19 19 19 19 19 19 7 7 7 7 19 19 19 18 18 18 18 17 16 16 16 16 16 15 15 15 14 14 14 14 14 14 14 15 14 14 14 14 14 15 15 15 15 14 15 15 15 15 15 15 15 14 14 14 14 14 14 14 14 13 13 13 13 13 13 13 13 13
13 13 13 13 13 13 13 13 13 14 14 14 13 13 13 13 13 13 13 13 13 13 12 12 12 13 13 13 13 13 13 13 13 13 14 15 15 15 15 15 15 16 17 17 17 18 18 18 18 18 19 19 19 19 19 19 19 19 19 19 19 19 19 7 7 7 19 19 19 18 18 18 18 17 17 16 16 16 16 15 15 15 15 14 14 14 14 14 14 14 14 13 14 14 14 14 14 15 15 15 14 14 15 15 15 15 15 15 14 14 14 14 14 14 14 14 13 13 13 13 13 13 13 13 13
13 13 13 13 13 13 13 13 13 14 14 13 13 13 13 13 12 13 13 13 13 12 12 12 12 13 13 13 13 13 13 13 13 13 14 14 15 15 15 15 15 16 17 17 17 17 18 18 18 18 19 19 19 19 19 19 19 19 19 19 19 19 7 7 7 7 19 19 18 18 18 18 18 17 17 16 16 16 15 15 15 15 15 14 14 14 14 14 14 14 14 13 13 14 14 14 14 14 15 15 14 14 14 15 15 15 15 15 14 14 14 14 14 14 14 14 13 13 13 13 13 13 13 13 13
13 13 13 13 13 13 13 13 13 14 14 13 13 13 13 12 12 13 13 13 12 12 12 12 12 13 13 13 13 13 13 13 13 13 14 14 14 15 15 15 15 15 17 17 17 17 17 18 18 18 19 19 19 19 19 19 19 19 19 19 19 19 7 7 7 7 19 18 18 18 18 18 17 17 17 16 16 15 15 15 15 15 15 14 14 14 14 14 14 14 14 13 13 13 14 14 14 14 14 15 14 14 14 15 15 15 15 15 14 14 14 14 14 14 14 14 13 13 13 13 13 13 13 13 12
13 13 13 13 13 13 13 13 13 14 13 13 13 13 13 12 12 13 13 13 12 12 12 12 12 13 13 13 13 13 13 13 13 13 14 14 14 14 15 15 15 15 16 17 17 17 17 18 18 18 18 18 18 18 18 18 18 18 18 18 18 18 7 7 7 18 18 17 17 17 17 17 16 16 16 16 15 15 15 15 15 15 15 14 14 14 14 14 14 14 14 13 13 13 14 14 14 14 14 15 14 14 14 14 15 15 15 15 14 14 14 14 14 14 14 14 13 13 13 13 13 13 13 12 12
13 13 13 13 13 13 13 13 13 14 13 13 13 13 13 12 12 13 13 12 12 12 12 12 12 13 13 13 13 13 13 13 13 13 14 14 14 14 15 15 15 15 16 17 17 17 17 17 18 18 18 18 18 18 18 18 18 18 18 18 18 7 7 7 7 18 18 17 17 17 17 16 16 16 16 16 15 15 15 15 15 15 15 14 14 14 14 14 14 14 14 13 13 13 13 14 14 14 14 15 14 14 14 14 15 15 15 15 14 14 14 14 14 14 14 14 13 13 13 13 13 13 13 12 12
13 13 13 13 13 13 13 13 13 14 13 13 13 13 13 12 12 13 13 12 12 12 12 12 12 13 13 13 13 13 13 13 13 13 14 14 14 14 15 15 15 15 16 17 17 17 17 17 18 18 18 18 18 18 18 18 18 18 18 18 18 7 7 7 7 18 17 17 17 17 17 16 16 16 16 16 15 15 15 15 15 15 15 14 14 14 14 14 14 14 14 13 13 13 13 14 14 14 14 15 14 14 14 14 15 15 15 15 14 14 14 14 14 14 14 14 13 13 13 13 13 13 13 12 12
13 13 13 13 13 13 13 13 13 14 13 13 13 13 13 12 12 13 13 12 12 12 12 12 12 13 13 13 13 13 13 13 13 13 14 14 14 14 15 15 15 15 16 17 17 17 17 17 18 18 18 18 18 18 18 18 18 18 18 18 18 7 7 7 18 18 18 17 17 17 17 16 16 16 16 16 15 15 15 15 15 15 15 14 14 14 14 14 14 14 14 13 13 13 13 14 14 14 14 15 14 14 14 14 15 15 15 15 14 14 14 14 14 14 14 14 13 13 13 13 13 13 13 12 12
13 13 13 13 13 13 13 13 13 14 13 13 13 13 13 12 12 13 13 13 12 12 12 12 12 13 13 13 13 13 13 13 13 13 14 14 14 14 15 15 15 15 16 17 17 17 17 18 18 18 18 18 18 18 18 18 18 18 18 18 18 7 7 7 18 18 18 17 17 17 17 17 16 16 16 16 15 15 15 15 15 15 15 14 14 14 14 14 14 14 14 13 13 13 14 14 14 14 14 15 14 14 14 14 15 15 15 15 14 14 14 14 14 14 14 14 13 13 13 13 13 13 13 12 12
13 13 13 13 13 13 13 13 13 14 14 13 13 13 13 12 12 13 13 13 12 12 12 12 12 13 13 13 13 13 13 13 13 13 14 14 14 15 15 15 15 15 17 17 17 17 17 18 18 18 18 18 18 18 18 18 18 18 18 18 18 7 7 7 18 18 18 17 17 17 17 17 16 16 16 16 16 15 15 15 15 15 15 14 14 14 14 14 14 14 14 13 13 13 14 14 14 14 14 15 14 14 14 15 15 15 15 15 14 14 14 14 14 14 14 14 13 13 13 13 13 13 13 13 12
13 13 13 13 13 13 13 13 13 14 14 14 13 13 13 13 12 13 13 13 13 12 12 12 12 13 13 13 13 13 13 13 13 13 14 14 15 15 15 15 15 16 17 17 17 17 18 18 18 18 18 18 18 18 18 18 18 18 18 18 7 7 7 7 18 18 18 18 17 17 17 17 17 16 16 16 16 16 15 15 15 15 15 14 14 14 14 14 14 14 14 13 13 14 14 14 14 14 15 15 14 14 14 15 15 15 15 15 14 14 14 14 14 14 14 14 13 13 13 13 13 13 13 13 13
13 13 13 13 13 13 13 13 13 14 14 14 13 13 13 13 13 13 13 13 13 13 12 12 12 13 13 13 13 13 13 13 13 13 14 15 15 15 15 15 15 16 17 17 17 18 18 18 18 18 18 18 18 18 18 18 18 18 18 18 7 7 7 7 18 18 18 18 18 17 17 17 17 16 16 16 16 16 16 15 15 15 15 14 14 14 14 14 14 14 14 13 14 14 14 14 14 15 15 15 14 14 15 15 15 15 15 15 14 14 14 14 14 14 14 14 13 13 13 13 13 13 13 13 13
13 13 13 13 13 13 13 13 13 14 14 14 14 13 13 13 13 14 13 13 13 13 13 13 12 13 13 13 13 13 13 13 13 13 15 15 15 15 15 15 16 16 16 16 17 17 17 17 17 17 17 17 17 17 17 17 17 17 17 7 7 7 7 17 17 17 17 17 17 17 16 16 16 16 15 15 15 15 15 15 14 14 14 14 14 14 14 14 14 14 15 14 14 14 14 14 15 15 15 15 14 15 15 15 15 15 15 15 14 14 14 14 14 14 14 14 13 13 13 13 13 13 13 13 13
13 13 13 13 13 13 13 13 13 14 14 14 14 14 13 13 13 14 14 13 13 13 13 13 13 14 13 13 13 13 13 14 14 14 15 15 15 15 15 16 16 16 16 17 17 17 17 17 17 17 17 17 17 17 17 17 17 17 17 7 7 7 7 17 17 17 17 17 17 17 17 16 16 16 16 16 15 15 15 15 15 15 15 14 14 14 14 14 15 15 15 14 14 14 14 15 15 15 15 15 15 15 15 15 15 15 15 15 14 14 14 14 14 14 14 14 13 13 13 13 13 13 13 13 13
14 14 14 14 13 13 13 13 13 14 14 14 14 14 14 13 13 14 14 14 13 13 13 13 13 14 14 14 14 14 14 14 14 14 15 15 15 16 16 16 16 16 17 17 17 17 17 17 17 17 17 17 17 18 18 18 18 18 18 7 7 7 17 17 17 17 17 17 17 17 17 17 16 16 16 16 16 15 15 15 15 15 15 15 15 15 15 15 15 15 15 14 14 14 15 15 15 15 15 16 15 15 15 15 15 15 15 15 14 14 15 15 15 15 15 15 14 13 13 13 13 13 13 13 13
14 14 14 14 14 14 14 13 13 14 14 14 14 14 14 14 14 14 14 14 14 14 13 13 13 14 14 14 14 14 14 14 14 14 15 15 16 16 16 16 16 17 17 17 17 17 17 17 17 17 17 18 18 18 18 18 18 18 18 7 7 7 18 17 17 17 17 17 17 17 17 17 17 16 16 16 16 16 15 15 15 15 15 15 15 15 15 15 15 15 15 14 15 15 15 15 15 16 16 16 15 15 15 15 15 15 15 16 15 15 15 15 15 15 15 15 14 14 14 14 13 13 13 13 13
14 14 14 14 14 14 14 14 13 14 14 14 14 14 14 14 14 15 14 14 14 14 14 14 13 14 14 14 14 14 14 14 14 14 16 16 16 16 16 16 17 17 17 17 17 17 17 17 17 18 18 18 18 18 18 18 18 18 7 7 7 7 18 18 18 17 17 17 17 17 17 17 17 17 17 16 16 16 16 16 16 15 15 15 15 15 15 15 15 15 16 15 15 15 15 15 16 16 16 16 15 15 15 15 15 15 16 16 15 15 15 15 15 15 15 15 14 14 14 14 14 14 13 13 13
15 14 14 14 14 14 14 14 14 15 14 14 14 14 14 14 14 15 15 14 14 14 14 14 14 15 15 15 15 15 15 15 15 15 16 16 16 16 17 17 17 17 17 17 17 17 17 17 18 18 18 18 18 18 18 18 19 19 7 7 7 7 18 18 18 18 18 17 17 17 17 17 17 17 17 17 16 16 16 16 16 16 16 16 16 16 16 16 16 16 16 15 15 15 15 16 16 16 16 16 15 15 15 15 16 16 16 16 15 15 15 15 15 16 16 15 14 14 14 14 14 14 14 13 13
15 15 15 15 15 14 14 14 14 15 15 14 14 14 14 14 14 15 15 15 15 14 14 14 14 15 15 15 15 15 15 15 15 15 16 16 16 17 17 17 17 17 17 17 17 17 18 18 18 18 18 18 19 19 19 19 19 19 7 7 7 19 18 18 18 18 18 18 17 17 17 17 17 17 17 17 17 17 16 16 16 16 16 16 16 16 16 16 16 16 16 15 15 16 16 16 16 16 16 16 15 15 15 16 16 16 16 16 15 16 16 16 16 16 16 16 15 15 15 14 14 14 14 14 13
15 15 15 15 15 15 15 14 14 15 15 15 15 14 14 14 14 15 15 15 15 15 15 14 14 15 15 15 15 15 15 15 15 15 16 17 17 17 17 17 17 17 17 17 17 18 18 18 18 18 19 19 19 19 19 19 19 19 7 7 7 19 19 19 18 18 18 18 18 17 17 17 17 17 17 17 17 17 17 16 16 16 16 16 16 16 16 16 16 16 16 16 16 16 16 16 16 16 16 16 15 16 16 16 16 16 16 17 16 16 16 16 16 16 16 16 15 15 15 15 15 14 14 14 14
15 15 15 15 15 15 15 15 15 15 15 15 15 15 14 14 14 15 15 15 15 15 15 15 15 15 15 15 15 15 15 15 16 16 16 16 16 16 16 16 16 16 16 16 17 17 17 17 18 18 18 18 18 18 18 18 18 18 7 7 7 18 18 18 18 18 17 17 17 17 16 16 16 16 16 16 16 16 16 16 16 16 15 15 15 15 15 15 15 16 16 16 16 16 16 16 16 16 16 16 16 16 16 16 16 17 17 17 16 16 16 16 16 16 16 16 15 15 15 15 15 15 14 14 14
16 16 16 15 15 15 15 15 15 16 15 15 15 15 15 14 14 15 15 15 15 15 15 15 15 16 16 16 16 16 16 16 16 16 16 16 16 16 16 16 16 16 16 17 17 17 17 18 18 18 18 18 18 18 19 19 19 19 7 7 7 18 18 18 18 18 18 17 17 17 17 17 16 16 16 16 16 16 16 16 16 16 16 16 16 16 16 16 16 16 16 16 16 16 16 16 16 16 16 17 16 16 16 16 17 17 17 17 16 16 16 17 17 17 17 17 15 15 15 15 15 15 15 14 14
16 16 16 16 16 16 15 15 15 16 16 16 15 15 15 15 14 15 15 15 15 15 15 15 15 16 16 16 16 16 16 16 16 16 16 16 16 16 16 16 16 17 17 17 17 17 18 18 18 18 18 18 19 19 19 19 19 19 7 7 7 19 18 18 18 18 18 18 17 17 17 17 17 16 16 16 16 16 16 16 16 16 16 16 16 16 16 16 16 16 16 16 16 16 16 16 16 16 17 17 16 16 16 17 17 17 17 17 17 17 17 17 17 17 17 17 16 16 16 15 15 15 15 15 15
16 16 16 16 16 16 16 15 15 16 16 16 15 15 15 15 15 15 15 15 15 15 15 15 15 16 16 16 16 16 2 16 16 16 16 16 16 16 16 16 16 17 17 17 17 18 18 18 18 18 19 19 19 19 19 19 19 19 7 7 7 19 19 19 18 18 18 18 18 17 17 17 17 17 16 16 16 16 16 16 16 16 16 16 16 16 16 16 16 16 16 16 16 16 16 16 16 17 17 17 16 16 17 17 17 17 17 18 17 17 17 17 17 17 17 17 16 16 16 16 15 15 15 15 15
16 16 16 16 16 16 16 16 15 16 16 16 16 15 15 15 15 16 15 15 15 15 15 15 15 16 16 16 2 2 2 2 2 16 16 16 16 16 16 16 17 17 17 17 18 18 18 18 18 19 19 19 19 19 19 19 19 19 7 7 7 19 19 19 19 18 18 18 18 18 17 17 17 17 16 16 16 16 16 16 16 16 16 16 16 16 16 16 16 16 16 16 16 16 16 16 17 17 17 17 16 17 17 17 17 17 18 18 17 17 17 17 17 17 17 17 16 16 16 16 16 15 15 15 15
16 16 16 16 16 16 16 16 16 16 16 16 16 16 15 15 15 16 15 15 15 15 15 15 15 16 16 2 2 2 2 2 2 2 16 16 16 16 16 17 17 17 17 17 18 18 18 18 18 19 19 19 19 19 19 19 19 19 7 7 7 19 19 19 19 19 18 18 18 18 17 17 17 17 17 16 16 16 16 16 16 16 16 16 16 16 16 16 16 16 16 16 16 16 16 16 17 17 17 17 17 17 17 17 17 18 18 18 17 17 17 17 17 17 17 17 16 16 16 16 16 16 15 15 15
16 16 16 16 16 16 16 16 16 17 16 16 16 16 15 15 15 16 16 15 15 15 15 15 15 16 16 2 2 2 2 2 2 2 16 16 16 16 16 17 17 17 17 18 18 18 18 18 19 19 19 19 19 19 19 19 19 19 7 7 7 19 19 19 19 19 18 18 18 18 18 17 17 17 17 16 16 16 16 16 16 16 16 16 16 16 16 16 16 16 16 16 16 16 16 17 17 17 17 17 17 17 17 17 17 18 18 18 17 17 17 17 17 17 17 17 16 16 16 16 16 16 16 15 15
16 16 16 16 16 16 16 16 16 17 16 16 16 16 16 15 15 16 16 15 15 15 15 15 15 16 2 2 2 2 2 2 2 2 2 16 16 16 17 17 17 17 17 18 18 18 18 18 19 19 19 19 19 19 19 19 19 19 7 7 7 19 19 19 19 19 18 18 18 18 18 17 17 17 17 17 16 16 16 16 16 16 16 16 16 16 16 16 16 16 16 16 16 16 16 17 17 17 17 17 17 17 17 17 18 18 18 18 17 17 17 17 17 17 17 17 16 16 16 16 16 16 16 15 15
16 16 16 16 16 16 16 16 16 17 16 16 16 16 16 15 15 16 16 15 15 15 15 15 15 16 16 2 2 2 2 2 2 2 16 16 16 16 17 17 17 17 17 18 18 18 18 18 19 19 19 19 19 19 19 19 19 19 7 7 7 19 19 19 19 19 18 18 18 18 18 17 17 17 17 17 16 16 16 16 16 16 16 16 16 16 16 16 16 16 16 16 16 16 16 17 17 17 17 18 17 17 17 17 18 18 18 18 17 17 17 17 17 17 17 17 16 16 16 16 16 16 16 15 15
16 16 16 16 16 16 16 16 16 17 16 16 16 16 16 15 15 16 16 15 15 15 15 15 15 15 15 2 2 2 2 2 2 2 15 15 15 15 16 16 16 16 16 17 17 17 17 17 18 18 18 18 18 18 18 18 18 18 7 7 7 18 18 18 18 18 17 17 17 17 17 16 16 16 16 16 15 15 15 15 15 15 15 15 15 15 15 15 15 15 15 15 15 15 15 16 16 16 16 16 17 17 17 17 18 18 18 18 17 17 17 17 17 17 17 17 16 16 16 16 16 16 16 15 15
16 16 16 16 16 16 16 16 16 16 16 16 16 16 15 15 15 16 16 15 15 15 15 15 15 15 15 15 2 2 2 2 2 15 15 15 15 15 15 16 16 16 16 17 17 17 17 17 18 18 18 18 18 18 18 18 18 18 7 7 7 7 18 18 18 18 17 17 17 17 17 16 16 16 16 15 15 15 15 15 15 15 15 15 15 15 15 15 15 15 15 15 15 15 15 16 16 16 16 16 17 17 17 17 17 18 18 18 17 17 17 17 17 17 17 17 16 16 16 16 16 16 16 15 15
16 16 16 16 16 16 16 16 16 16 16 16 16 16 15 15 15 16 15 15 15 15 15 15 15 15 15 15 15 15 2 15 15 15 15 15 15 15 15 16 16 16 16 16 17 17 17 17 17 18 18 18 18 18 18 18 18 18 7 7 7 7 18 18 18 17 17 17 17 17 16 16 16 16 16 15 15 15 15 15 15 15 15 15 15 15 15 15 15 15 15 15 15 15 15 15 16 16 16 16 17 17 17 17 17 18 18 18 17 17 17 17 17 17 17 17 16 16 16 16 16 16 15 15 15
16 16 16 16 16 16 16 16 15 16 16 16 16 15 15 15 15 16 15 15 15 15 15 15 15 15 15 15 15 15 15 15 15 15 15 15 15 15 15 15 16 16 16 16 17 17 17 17 17 18 18 18 18 18 18 18 18 18 18 7 7 7 18 18 18 17 17 17 17 17 16 16 16 16 15 15 15 15 15 15 15 15 15 15 15 15 15 15 15 15 15 15 15 15 15 15 16 16 16 16 16 17 17 17 17 17 18 18 17 17 17 17 17 17 17 17 16 16 16 16 16 15 15 15 15
16 16 16 16 16 16 16 15 15 16 16 16 15 15 15 15 15 15 15 15 15 15 15 15 15 15 15 15 15 15 15 15 15 15 15 15 15 15 15 15 15 16 16 16 16 17 17 17 17 17 17 18 18 18 18 18 18 18 18 7 7 7 7 18 17 17 17 17 17 16 16 16 16 15 15 15 15 15 15 15 15 15 15 15 15 15 15 15 15 15 15 15 15 15 15 15 15 16 16 16 16 16 17 17 17 17 17 18 17 17 17 17 17 17 17 17 16 16 16 16 15 15 15 15 15
16 16 16 16 16 15 15 15 15 16 16 15 15 15 15 15 14 15 15 15 15 15 15 15 15 15 15 15 15 15 15 15 15 15 15 15 15 15 15 15 15 15 16 16 16 16 17 17 17 17 17 17 18 18 18 18 18 18 18 7 7 7 7 17 17 17 17 17 16 16 16 16 16 15 15 15 15 15 15 15 15 15 15 15 15 15 15 15 15 15 15 15 15 15 15 15 15 15 16 16 16 16 16 17 17 17 17 17 16 17 17 17 17 17 17 17 16 16 16 15 15 15 15 15 15
16 16 16 15 15 15 15 15 15 16 15 15 15 15 15 14 14 15 15 15 15 15 15 15 15 15 15 15 15 15 15 15 15 15 15 15 15 15 15 15 15 15 15 16 16 16 16 17 17 17 17 17 17 17 17 18 18 18 18 17 7 7 7 17 17 17 17 16 16 16 16 16 15 15 15 15 15 15 15 15 15 15 15 15 15 15 15 15 15 15 15 15 15 15 15 15 15 15 15 16 16 16 16 16 17 17 17 17 16 16 16 17 17 17 17 17 15 15 15 15 15 15 15 14 14
15 15 15 15 15 15 15 15 15 15 15 15 15 15 14 14 14 15 15 15 15 15 15 15 15 14 14 14 14 14 14 14 14 15 15 15 15 15 15 15 15 15 15 15 16 16 16 16 16 17 17 17 17 17 17 17 17 17 17 17 7 7 7 7 17 17 16 16 16 16 15 15 15 15 15 15 15 15 15 15 15 14 14 14 14 14 14 14 14 15 15 15 15 15 15 15 15 15 15 15 16 16 16 16 16 17 17 17 16 16 16 16 16 16 16 16 15 15 15 15 15 15 14 14 14
15 15 15 15 15 15 15 14 14 15 15 15 15 14 14 14 14 14 14 14 14 14 14 13 13 13 13 13 13 13 13 13 13 13 13 14 14 14 14 14 14 14 14 14 14 15 15 15 15 15 16 16 16 16 16 16 16 16 16 16 7 7 7 7 15 15 15 15 15 14 14 14 14 14 14 14 14 14 14 13 13 13 13 13 13 13 13 13 13 13 13 14 14 14 14 14 14 14 14 14 14 15 15 15 15 15 15 16 16 16 16 16 16 16 16 16 15 15 15 15 14 14 14 14 14
15 15 15 15 15 14 14 14 14 15 15 14 14 14 14 14 14 14 14 14 14 13 13 13 13 13 13 13 13 13 13 13 13 13 13 13 13 14 14 14 14 14 14 14 14 14 15 15 15 15 15 15 16 16 16 16 16 16 16 16 16 7 7 7 15 15 15 15 14 14 14 14 14 14 14 14 14 13 13 13 13 13 13 13 13 13 13 13 13 13 13 13 13 14 14 14 14 14 14 14 14 14 14 15 15 15 15 15 15 16 16 16 16 16 16 16 15 15 14 14 14 14 14 14 13
14 14 14 14 14 14 14 14 14 15 14 14 14 14 14 14 14 14 14 13 13 13 13 13 13 13 13 13 12 12 13 13 13 13 13 13 13 13 14 14 14 14 14 14 14 14 14 14 15 15 15 15 15 15 15 15 15 15 15 15 15 7 7 7 15 15 14 14 14 14 14 14 14 14 14 14 13 13 13 13 13 13 13 13 12 12 13 13 13 13 13 13 13 13 13 14 14 14 14 14 14 14 14 14 15 15 15 15 15 15 15 15 15 15 15 15 14 14 14 14 14 14 14 13 13
14 14 14 14 14 14 14 14 13 14 14 14 14 14 14 14 14 14 13 13 13 13 13 13 12 12 12 12 12 12 12 12 12 12 13 13 13 13 13 13 14 14 14 14 14 14 14 14 14 15 15 15 15 15 15 15 15 15 15 15 15 7 7 7 15 14 14 14 14 14 14 14 14 14 13 13 13 13 13 13 12 12 12 12 12 12 12 12 12 12 13 13 13 13 13 13 14 14 14 14 14 14 14 14 14 14 15 15 15 15 15 15 15 15 15 15 14 14 14 14 14 13 13 13 13
14 14 14 14 14 14 13 13 13 14 14 14 14 14 14 14 14 13 13 13 13 13 12 12 12 12 12 12 12 12 12 12 12 12 12 12 13 13 13 13 13 14 14 14 14 14 14 14 14 14 14 15 15 15 15 15 15 15 15 15 15 7 7 7 7 14 14 14 14 14 14 14 14 13 13 13 13 13 12 12 12 12 12 12 12 12 12 12 12 12 12 12 13 13 13 13 13 13 14 14 14 14 14 14 14 14 14 14 15 15 15 15 15 15 15 15 14 14 14 14 13 13 13 13 13
14 14 14 14 13 13 13 13 13 14 14 14 14 14 14 13 13 13 13 13 12 12 12 12 12 12 12 12 12 12 12 12 12 12 12 12 12 13 13 13 13 13 14 14 14 14 14 14 14 14 14 14 14 15 15 15 15 15 15 15 15 7 7 7 7 14 14 14 14 14 14 14 13 13 13 13 13 12 12 12 12 12 12 12 12 12 12 12 12 12 12 12 12 12 13 13 13 13 13 14 14 14 14 14 14 14 14 14 14 14 15 15 15 15 15 15 14 13 13 13 13 13 13 13 13
13 13 13 13 13 13 13 13 13 14 14 14 14 14 13 13 13 13 13 12 12 12 12 12 12 12 11 11 11 11 11 11 12 12 12 12 12 12 12 13 13 13 13 14 14 14 14 14 14 14 14 14 14 14 14 14 14 14 14 14 14 14 7 7 7 14 14 14 14 14 14 13 13 13 13 12 12 12 12 12 12 12 12 11 11 11 11 11 12 12 12 12 12 12 12 13 13 13 13 13 14 14 14 14 14 14 14 14 14 14 14 14 14 14 14 14 13 13 13 13 13 13 13 13 13
13 13 13 13 13 13 13 13 13 14 14 14 14 13 13 13 13 13 12 12 12 12 12 12 11 11 11 11 11 11 11 11 11 11 12 12 12 12 12 12 13 13 13 13 14 14 14 14 14 14 14 14 14 14 14 14 14 14 14 14 14 14 7 7 7 7 14 14 14 14 13 13 13 13 12 12 12 12 12 12 11 11 11 11 11 11 11 11 11 11 12 12 12 12 12 12 13 13 13 13 13 14 14 14 14 14 14 14 14 14 14 14 14 14 14 14 13 13 13 13 13 13 13 13 13
13 13 13 13 13 13 13 13 13 13 13 13 12 12 12 12 12 11 11 11 11 11 10 10 10 10 10 10 10 10 10 10 10 10 10 11 11 11 11 11 11 12 12 12 12 13 13 13 13 13 13 13 13 13 13 13 13 13 13 13 13 13 7 7 7 7 13 13 13 12 12 12 12 11 11 11 11 11 11 10 10 10 10 10 10 10 10 10 10 10 10 10 11 11 11 11 11 12 12 12 12 12 13 13 13 13 13 13 13 13 13 13 13 13 13 13 13 13 13 13 13 13 13 13 13
13 13 13 13 13 13 13 13 13 13 13 12 12 12 12 12 11 11 11 11 11 10 10 10 10 10 10 10 10 10 10 10 10 10 10 10 11 11 11 11 11 11 12 12 12 12 13 13 13 13 13 13 13 13 13 13 13 13 13 13 13 13 13 7 7 7 13 13 12 12 12 12 12 11 11 11 11 11 10 10 10 10 10 10 10 10 10 10 10 10 10 10 10 11 11 11 11 11 12 12 12 12 12 13 13 13 13 13 13 13 13 13 13 13 13 13 13 13 13 13 13 13 13 13 13
13 13 13 13 13 13 13 13 13 13 13 12 12 12 12 11 11 11 11 11 10 10 10 10 10 10 10 10 10 10 10 10 10 10 10 10 10 11 11 11 11 11 12 12 12 12 12 13 13 13 13 13 13 13 13 13 13 13 13 13 13 13 13 7 7 7 7 12 12 12 12 12 11 11 11 11 11 10 10 10 10 10 10 10 10 10 10 10 10 10 10 10 10 10 11 11 11 11 11 12 12 12 12 13 13 13 13 13 13 13 13 13 13 13 13 13 13 13 13 13 13 13 13 13 12
13 13 13 13 13 13 13 13 13 13 12 12 12 12 12 11 11 11 11 11 10 10 10 10 10 10 10 10 10 10 10 10 10 10 10 10 10 10 11 11 11 11 11 12 12 12 12 13 13 13 13 13 13 13 13 13 13 13 13 13 13 13 13 7 7 7 7 12 12 12 12 12 11 11 11 11 10 10 10 10 10 10 10 10 10 10 10 10 10 10 10 10 10 10 11 11 11 11 11 12 12 12 12 12 13 13 13 13 13 13 13 13 13 13 13 13 13 13 13 13 13 13 13 12 12
13 13 13 13 13 13 13 13 13 13 12 12 12 12 12 11 11 11 11 10 10 10 10 10 10 10 10 10 10 10 10 10 10 10 10 10 10 10 11 11 11 11 11 12 12 12 12 12 13 13 13 13 13 13 13 13 13 13 13 13 13 13 13 13 7 7 7 12 12 12 12 11 11 11 11 11 10 10 10 10 10 10 10 10 10 10 10 10 10 10 10 10 10 10 10 11 11 11 11 12 12 12 12 12 13 13 13 13 13 13 13 13 13 13 13 13 13 13 13 13 13 13 13 12 12
13 13 13 13 13 13 13 13 13 13 12 12 12 12 12 11 11 11 11 10 10 10 10 10 10 10 10 10 10 10 10 10 10 10 10 10 10 10 11 11 11 11 11 12 12 12 12 12 13 13 13 13 13 13 13 13 13 13 13 13 13 13 13 13 7 7 7 12 12 12 12 11 11 11 11 11 10 10 10 10 10 10 10 10 10 10 10 10 10 10 10 10 10 10 10 11 11 11 11 12 12 12 12 12 13 13 13 13 13 13 13 13 13 13 13 13 13 13 13 13 13 13 13 12 12
13 13 13 13 13 13 13 13 13 13 12 12 12 12 12 11 11 11 11 10 10 10 10 10 10 10 10 10 10 10 10 10 10 10 10 10 10 10 11 11 11 11 11 12 12 12 12 12 13 13 13 13 13 13 13 13 13 13 13 13 13 13 13 13 7 7 7 12 12 12 12 11 11 11 11 11 10 10 10 10 10 10 10 10 10 10 10 10 10 10 10 10 10 10 10 11 11 11 11 12 12 12 12 12 13 13 13 13 13 13 13 13 13 13 13 13 13 13 13 13 13 13 13 12 12
13 13 13 13 13 13 13 13 13 13 12 12 12 12 12 11 11 11 11 11 10 10 10 10 10 10 10 10 10 10 10 10 10 10 10 10 10 10 11 11 11 11 11 12 12 12 12 13 13 13 13 13 13 13 13 13 13 13 13 13 13 13 13 13 7 7 7 12 12 12 12 12 11 11 11 11 10 10 10 10 10 10 10 10 10 10 10 10 10 10 10 10 10 10 11 11 11 11 11 12 12 12 12 12 13 13 13 13 13 13 13 13 13 13 13 13 13 13 13 13 13 13 13 12 12
13 13 13 13 13 13 13 13 13 13 13 12 12 12 12 11 11 11 11 11 10 10 10 10 10 10 10 10 10 10 10 10 10 10 10 10 10 11 11 11 11 11 12 12 12 12 12 13 13 13 13 13 13 13 13 13 13 13 13 13 13 13 13 13 7 7 7 12 12 12 12 12 11 11 11 11 11 10 10 10 10 10 10 10 10 10 10 10 10 10 10 10 10 10 11 11 11 11 11 12 12 12 12 13 13 13 13 13 13 13 13 13 13 13 13 13 13 13 13 13 13 13 13 13 12
