120
14 13 13 13 13 13 13 13 13 13 12 12 12 12 12 12 12 12 12 11 11 11 11 11 11 11 11 11 11 11 11 11 11 11 11 11 11 11 12 12 12 12 12 12 12 12 12 12 13 13 13 13 13 13 13 13 13 13 13 4 4 4 4 4 13 13 12 12 12 12 12 12 12 12 12 12 11 11 11 11 11 11 11 11 11 11 11 11 11 11 11 11 11 11 11 12 12 12 12 12 12 12 12 12 13 13 13 13 13 13 13 13 13 13 13 13 13 13 13 13
14 14 14 14 14 13 13 13 13 13 13 12 12 12 12 12 12 12 12 12 12 11 11 11 11 11 11 11 11 11 11 11 11 11 11 11 11 12 12 12 12 12 12 12 12 12 13 13 13 13 13 13 14 14 14 14 14 14 14 4 4 4 4 4 4 4 13 13 12 12 12 12 12 12 12 12 12 11 11 11 11 11 11 11 11 11 11 11 11 11 11 11 11 12 12 12 12 12 12 12 12 12 12 13 13 13 13 13 13 14 14 14 14 14 14 14 14 14 13 13
14 14 14 14 14 14 14 13 13 13 13 13 13 12 12 12 12 12 12 12 12 12 12 11 11 11 11 11 11 11 11 11 11 11 11 12 12 12 12 12 12 12 12 12 12 13 13 13 13 13 14 14 14 14 14 14 14 14 14 14 14 4 4 4 4 4 4 4 4 12 12 12 12 12 12 12 12 12 12 11 11 11 11 11 11 11 11 11 11 11 11 12 12 12 12 12 12 12 12 12 12 13 13 13 13 13 13 14 14 14 14 14 14 14 14 14 14 14 14 14
14 14 14 14 14 14 14 14 14 13 13 13 13 13 12 12 12 12 12 12 12 12 12 12 12 11 11 11 11 11 11 11 12 12 12 12 12 12 12 12 12 12 12 12 13 13 13 13 13 14 14 14 14 14 14 14 14 14 14 14 14 14 14 4 4 4 4 4 4 4 4 12 12 12 12 12 12 12 12 12 12 12 11 11 11 11 11 11 11 12 12 12 12 12 12 12 12 12 12 12 13 13 13 13 13 14 14 14 14 14 14 14 14 14 14 14 14 14 14 14
15 15 15 14 14 14 14 14 14 14 13 13 13 13 13 12 12 12 12 12 12 12 12 12 12 12 12 12 12 12 12 12 12 12 12 12 12 12 12 12 12 12 12 13 13 13 13 14 14 14 14 14 14 14 15 15 15 15 15 15 14 14 14 14 14 14 4 4 4 4 4 4 12 12 12 12 12 12 12 12 12 12 12 12 12 12 12 12 12 12 12 12 12 12 12 12 12 12 12 13 13 13 13 13 14 14 14 14 14 14 14 15 15 15 15 15 14 14 14 14
15 15 15 15 15 15 14 14 14 14 14 13 13 13 13 13 12 12 12 12 12 12 12 12 12 12 12 12 12 12 12 12 12 12 12 12 12 12 12 12 12 12 13 13 13 13 14 14 14 14 14 14 15 15 15 15 15 15 15 15 15 15 14 14 14 14 14 14 4 4 4 4 4 12 12 12 12 12 12 12 12 12 12 12 12 12 12 12 12 12 12 12 12 12 12 12 12 12 13 13 13 13 13 14 14 14 14 14 14 15 15 15 15 15 15 15 15 15 15 14
15 15 15 15 15 15 15 14 14 14 14 14 13 13 13 13 13 12 12 12 12 12 12 12 12 12 12 12 12 12 12 12 12 12 12 12 12 12 12 12 12 13 13 13 13 14 14 14 14 14 15 15 15 15 15 15 15 15 15 15 15 15 15 15 14 14 14 14 14 4 4 4 4 4 12 12 12 12 12 12 12 12 12 12 12 12 12 12 12 12 12 12 12 12 12 12 12 13 13 13 13 13 14 14 14 14 14 15 15 15 15 15 15 15 15 15 15 15 15 15
15 15 15 15 15 15 15 15 14 14 14 14 14 13 13 13 13 13 12 12 12 12 12 12 12 12 12 12 12 12 12 12 12 12 12 12 12 12 12 12 13 13 13 13 14 14 14 14 14 15 15 15 15 15 15 15 15 15 15 15 15 15 15 15 15 14 14 14 14 14 4 4 4 4 4 12 12 12 12 12 12 12 12 12 12 12 12 12 12 12 12 12 12 12 12 12 13 13 13 13 13 14 14 14 14 14 15 15 15 15 15 15 15 15 15 15 15 15 15 15
15 15 15 15 15 15 15 15 15 14 14 14 14 14 13 13 13 13 12 12 12 12 12 12 12 12 12 12 12 12 12 12 12 12 12 12 12 12 12 13 13 13 13 13 14 14 14 14 14 15 15 15 15 15 15 15 15 15 15 15 15 15 15 15 15 15 14 14 14 14 13 4 4 4 4 12 12 12 12 12 12 12 12 12 12 12 12 12 12 12 12 12 12 12 12 12 13 13 13 13 14 14 14 14 14 15 15 15 15 15 15 15 15 15 15 15 15 15 15 15
15 15 15 15 15 15 15 15 15 15 15 15 15 15 14 14 14 14 14 13 13 13 13 13 13 13 13 13 13 13 13 13 13 13 13 13 13 13 13 14 14 14 14 15 15 15 15 15 16 16 16 16 16 16 16 16 16 16 16 16 16 16 16 16 16 16 15 15 15 15 15 14 4 4 4 13 13 13 13 13 13 13 13 13 13 13 13 13 13 13 13 13 13 13 13 14 14 14 14 14 15 15 15 15 15 16 16 16 16 16 16 15 15 15 15 15 15 15 15 15
15 15 15 15 15 15 15 15 15 16 15 15 15 15 15 14 14 14 14 13 13 13 13 13 13 13 13 13 13 13 13 13 13 13 13 13 13 13 14 14 14 14 14 15 15 15 15 15 16 16 16 16 16 16 16 16 16 16 16 16 16 16 16 16 16 16 15 15 15 15 15 4 4 4 4 14 13 13 13 13 13 13 13 13 13 13 13 13 13 13 13 13 13 13 13 14 14 14 14 14 15 15 15 15 16 16 16 16 16 16 16 15 15 15 15 15 15 15 15 15
15 15 15 15 15 15 15 15 15 16 15 15 15 15 15 14 14 14 14 13 13 13 13 13 13 13 13 13 13 13 13 13 13 13 13 13 13 13 14 14 14 14 14 15 15 15 15 15 16 16 16 16 16 16 16 16 16 16 16 16 16 16 16 16 16 16 15 15 15 15 15 4 4 4 4 14 13 13 13 13 13 13 13 13 13 13 13 13 13 13 13 13 13 13 13 14 14 14 14 15 15 15 15 15 16 16 16 16 16 16 16 15 15 15 15 15 15 15 15 15
15 15 15 15 15 15 15 15 15 16 15 15 15 15 15 14 14 14 14 13 13 13 13 13 13 13 13 13 13 13 13 13 13 13 13 13 13 13 14 14 14 14 14 15 15 15 15 15 16 16 16 16 16 16 16 16 16 16 16 16 16 16 16 16 16 16 15 15 15 15 15 4 4 4 4 14 13 13 13 13 13 13 13 13 13 13 13 13 13 13 13 13 13 13 13 14 14 14 14 14 15 15 15 15 16 16 16 16 16 16 16 15 15 15 15 15 15 15 15 15
15 15 15 15 15 15 15 15 15 15 15 15 15 15 14 14 14 14 14 13 13 13 13 13 13 13 13 13 13 13 13 13 13 13 13 13 13 13 13 14 14 14 14 15 15 15 15 15 16 16 16 16 16 16 16 16 16 16 16 16 16 16 16 16 16 16 15 15 15 15 15 4 4 4 4 13 13 13 13 13 13 13 13 13 13 13 13 13 13 13 13 13 13 13 13 14 14 14 14 14 15 15 15 15 15 16 16 16 16 16 16 15 15 15 15 15 15 15 15 15
15 15 15 15 15 15 15 15 15 15 15 15 15 15 14 14 14 14 13 13 13 13 13 13 13 13 13 13 13 13 13 13 13 13 13 13 13 13 13 14 14 14 14 14 15 15 15 15 15 16 16 16 16 16 16 16 16 16 16 16 16 16 16 16 16 15 15 15 15 15 4 4 4 4 14 13 13 13 13 13 13 13 13 13 13 13 13 13 13 13 13 13 13 13 13 13 14 14 14 14 15 15 15 15 15 16 16 16 16 16 16 15 15 15 15 15 15 15 15 15
15 15 15 15 15 15 15 15 14 15 15 15 15 14 14 14 14 14 13 13 13 13 13 13 13 13 13 13 13 13 13 13 13 13 13 13 13 13 13 13 14 14 14 14 15 15 15 15 15 16 16 16 16 16 16 16 16 16 16 16 16 16 16 16 16 15 15 15 15 4 4 4 4 4 13 13 13 13 13 13 13 13 13 13 13 13 13 13 13 13 13 13 13 13 13 13 14 14 14 14 14 15 15 15 15 15 16 16 16 16 16 15 15 15 15 15 15 15 15 15
15 15 15 15 15 15 15 14 14 15 15 15 14 14 14 14 14 13 13 13 13 13 13 13 13 13 13 13 13 13 13 13 13 13 13 13 13 13 13 13 13 14 14 14 14 15 15 15 15 15 16 16 16 16 16 16 16 16 16 16 16 16 16 16 15 15 15 15 15 4 4 4 4 14 13 13 13 13 13 13 13 13 13 13 13 13 13 13 13 13 13 13 13 13 13 13 13 14 14 14 14 14 15 15 15 15 15 16 16 16 16 15 15 15 15 15 15 15 15 15
15 15 15 15 15 15 14 14 14 15 15 14 14 14 14 14 13 14 14 14 14 14 14 14 14 14 14 14 14 14 14 14 14 14 14 14 14 14 14 14 14 14 15 15 15 15 16 16 16 16 16 16 17 17 17 17 17 17 17 17 17 17 16 16 16 16 16 16 15 4 4 4 15 14 14 14 14 14 14 14 14 14 14 14 14 14 14 14 14 14 14 14 14 14 14 14 14 14 15 15 15 15 15 15 15 15 15 15 15 16 16 15 15 15 15 15 15 15 15 14
15 15 15 14 14 14 14 14 14 15 14 14 14 14 14 13 13 14 14 14 14 14 14 14 14 14 14 14 14 14 14 14 14 14 14 14 14 14 14 14 14 14 14 15 15 15 15 16 16 16 16 16 16 16 16 17 17 17 17 17 16 16 16 16 16 16 16 15 15 4 4 4 14 14 14 14 14 14 14 14 14 14 14 14 14 14 14 14 14 14 14 14 14 14 14 14 14 14 14 15 15 15 15 14 15 15 15 15 15 15 15 15 15 15 15 15 14 14 14 14
14 14 14 14 14 14 14 14 14 14 14 14 14 14 13 13 13 14 14 14 14 14 14 14 14 13 13 13 13 13 13 13 13 14 14 14 14 14 14 14 14 14 14 14 15 15 15 15 15 16 16 16 16 16 16 16 16 16 16 16 16 16 16 16 16 16 15 15 15 4 4 4 4 14 14 14 14 14 14 14 14 14 13 13 13 13 13 13 13 14 14 14 14 14 14 14 14 14 14 14 15 15 15 14 14 15 15 15 15 15 15 14 14 14 14 14 14 14 14 14
14 14 14 14 14 14 14 13 13 14 14 14 14 13 13 13 13 14 14 14 14 14 14 13 13 13 13 13 13 13 13 13 13 13 13 14 14 14 14 14 14 14 14 14 14 15 15 15 15 15 16 16 16 16 16 16 16 16 16 16 16 16 16 16 15 15 15 15 15 4 4 4 4 4 14 14 14 14 14 13 13 13 13 13 13 13 13 13 13 13 13 14 14 14 14 14 14 14 14 14 14 15 15 14 14 14 14 15 15 15 15 14 14 14 14 14 14 14 14 14
14 14 14 14 14 13 13 13 13 14 14 13 13 13 13 13 13 14 14 14 14 13 13 13 13 13 13 13 13 13 13 13 13 13 13 13 13 14 14 14 14 14 14 14 14 14 15 15 15 15 15 15 16 16 16 16 16 16 16 16 16 16 15 15 15 15 15 15 14 14 4 4 4 4 14 14 14 13 13 13 13 13 13 13 13 13 13 13 13 13 13 13 13 14 14 14 14 14 14 14 14 14 14 14 14 14 14 14 14 15 15 14 14 14 14 14 14 14 13 13
13 13 13 13 13 13 13 13 13 14 13 13 13 13 13 13 13 14 14 13 13 13 13 13 13 13 13 13 12 13 13 13 13 13 13 13 13 13 14 14 14 14 14 14 14 14 14 14 15 15 15 15 15 15 15 15 15 15 15 15 15 15 15 15 15 15 14 14 14 14 14 4 4 4 4 14 13 13 13 13 13 13 13 13 13 12 13 13 13 13 13 13 13 13 13 14 14 14 14 14 14 14 14 13 14 14 14 14 14 14 14 13 13 13 13 13 13 13 13 13
13 13 13 13 13 13 13 13 12 13 13 13 13 13 13 13 13 14 13 13 13 13 13 13 12 12 12 12 12 12 12 12 12 12 13 13 13 13 13 13 14 14 14 14 14 14 14 14 14 15 15 15 15 15 15 15 15 15 15 15 15 15 15 15 15 14 14 14 14 14 14 4 4 4 4 13 13 13 13 13 12 12 12 12 12 12 12 12 12 12 13 13 13 13 13 13 14 14 14 14 14 14 14 13 13 13 14 14 14 14 14 13 13 13 13 13 13 13 13 13
13 13 13 13 13 13 13 12 12 13 13 13 13 13 13 13 13 13 13 13 13 13 12 12 12 12 12 12 12 12 12 12 12 12 12 12 13 13 13 13 13 14 14 14 14 14 14 14 14 14 14 15 15 15 15 15 15 15 15 15 15 15 15 14 14 14 14 14 14 14 14 14 4 4 4 13 13 13 12 12 12 12 12 12 12 12 12 12 12 12 12 12 13 13 13 13 13 14 14 14 14 14 14 13 13 13 13 13 14 14 14 13 13 13 13 13 13 13 13 13
13 13 13 13 12 12 12 12 12 13 13 13 13 13 13 12 12 13 13 13 12 12 12 12 12 13 13 13 13 13 13 13 13 13 13 13 13 14 14 14 14 14 15 15 15 15 15 15 15 15 15 15 15 16 16 16 16 16 16 16 16 15 15 15 15 15 15 15 15 15 15 15 4 4 4 14 14 13 13 13 13 13 13 13 13 13 13 13 13 13 13 13 13 13 14 13 13 13 13 14 14 14 14 13 13 13 13 13 13 13 14 13 13 13 13 13 13 12 12 12
12 12 12 12 12 12 12 12 12 13 13 13 13 13 12 12 12 13 13 12 12 12 12 12 12 13 12 12 12 12 12 13 13 13 13 13 13 13 13 14 14 14 14 15 15 15 15 15 15 15 15 15 15 15 15 15 15 15 15 15 15 15 15 15 15 15 15 15 15 15 15 14 4 4 4 13 13 13 13 13 13 13 13 12 12 12 12 12 13 13 13 13 13 13 13 13 13 13 13 13 14 14 14 13 13 13 13 13 13 13 13 12 12 12 12 12 12 12 12 12
12 12 12 12 12 12 12 12 12 13 13 13 13 12 12 12 12 13 12 12 12 12 12 12 11 12 12 12 2 12 12 12 12 12 13 13 13 13 13 13 14 14 14 14 15 15 15 15 15 15 15 15 15 15 15 15 15 15 15 15 15 15 15 15 15 15 15 15 15 15 14 4 4 4 4 13 13 13 13 13 12 12 12 12 12 12 12 12 12 12 13 13 13 13 13 12 13 13 13 13 13 14 14 13 13 13 13 13 13 13 13 12 12 12 12 12 12 12 12 12
12 12 12 12 12 12 12 12 12 13 13 13 12 12 12 12 12 12 12 12 12 12 11 11 11 2 2 2 2 2 2 2 12 12 12 13 13 13 13 13 13 14 14 14 14 15 15 15 15 15 15 15 15 15 15 15 15 15 15 15 15 15 15 15 15 15 15 15 15 14 4 4 4 4 4 13 13 13 13 12 12 12 12 12 12 12 12 12 12 12 12 12 13 13 13 12 12 13 13 13 13 13 14 13 13 13 13 13 13 13 13 12 12 12 12 12 12 12 12 12
12 12 12 12 12 12 12 12 12 13 13 12 12 12 12 12 11 12 12 12 12 11 11 11 2 2 2 2 2 2 2 2 2 12 12 12 13 13 13 13 13 14 14 14 14 14 15 15 15 15 15 15 15 15 15 15 15 15 15 15 15 15 15 15 15 15 15 15 14 4 4 4 4 4 13 13 13 13 12 12 12 12 12 12 12 12 12 12 12 12 12 12 12 13 13 12 12 12 13 13 13 13 13 13 13 13 13 13 13 13 13 12 12 12 12 12 12 12 12 12
12 12 12 12 12 12 12 12 12 13 13 12 12 12 12 11 11 12 12 12 11 11 11 11 2 2 2 2 2 2 2 2 2 12 12 12 12 13 13 13 13 13 14 14 14 14 14 15 15 15 15 15 15 15 15 15 15 15 15 15 15 15 15 15 15 15 15 4 4 4 4 4 4 13 13 13 13 12 12 12 12 12 12 12 12 12 12 12 12 12 12 12 12 12 13 12 12 12 12 13 13 13 13 13 13 13 13 13 13 13 13 12 12 12 12 12 12 12 12 12
12 12 12 12 12 12 12 12 12 13 12 12 12 12 12 11 11 12 12 12 11 11 11 11 2 2 2 2 2 2 2 2 2 12 12 12 12 12 13 13 13 13 13 14 14 14 14 15 15 15 15 15 15 15 15 15 15 15 15 15 15 15 15 15 15 4 4 4 4 4 4 4 13 13 13 13 12 12 12 12 12 12 12 12 12 12 12 12 12 12 12 12 12 12 13 12 12 12 12 13 13 13 13 12 13 13 13 13 13 13 13 12 12 12 12 12 12 12 12 12
12 12 12 12 12 12 12 12 12 13 12 12 12 12 12 11 11 12 12 11 11 11 11 2 2 2 2 2 2 2 2 2 2 2 12 12 12 12 13 13 13 13 13 14 14 14 14 14 15 15 15 15 15 15 15 15 15 15 15 15 15 15 15 4 4 4 4 4 4 4 14 13 13 13 13 13 12 12 12 12 12 12 12 12 12 12 12 12 12 12 12 12 12 12 12 12 12 12 12 13 13 13 13 12 13 13 13 13 13 13 13 12 12 12 12 12 12 12 12 12
12 12 12 12 12 12 12 12 12 13 12 12 12 12 12 11 11 12 12 11 11 11 11 11 2 2 2 2 2 2 2 2 2 12 12 12 12 12 13 13 13 13 13 14 14 14 14 14 15 15 15 15 15 15 15 15 15 15 15 15 4 4 4 4 4 4 4 4 14 14 14 13 13 13 13 13 12 12 12 12 12 12 12 12 12 12 12 12 12 12 12 12 12 12 12 12 12 12 12 13 13 13 13 12 13 13 13 13 13 13 13 12 12 12 12 12 12 12 12 12
12 12 12 12 12 12 12 12 12 13 12 12 12 12 12 11 11 12 12 11 11 11 11 11 2 2 2 2 2 2 2 2 2 12 13 13 13 13 14 14 14 14 14 15 15 15 15 15 16 16 16 16 16 16 16 16 16 16 16 4 4 4 4 4 4 4 16 15 15 15 15 14 14 14 14 14 13 13 13 13 13 13 13 13 13 13 12 12 12 12 12 12 12 12 12 12 12 12 12 13 13 13 13 12 13 13 13 13 13 13 13 12 12 12 12 12 12 12 12 12
12 12 12 12 12 12 12 12 12 13 12 12 12 12 12 11 11 12 12 12 11 11 11 11 2 2 2 2 2 2 2 2 2 12 13 13 13 13 14 14 14 14 14 15 15 15 15 16 16 16 16 16 16 16 16 16 16 4 4 4 4 4 4 16 16 16 16 15 15 15 15 15 14 14 14 14 13 13 13 13 13 13 13 13 13 13 12 12 12 12 12 12 12 12 13 12 12 12 12 13 13 13 13 12 13 13 13 13 13 13 13 12 12 12 12 12 12 12 12 12
12 12 12 12 12 12 12 12 12 13 13 12 12 12 12 11 11 12 12 12 11 11 11 11 11 2 2 2 2 2 2 2 12 12 13 13 13 14 14 14 14 14 15 15 15 15 15 16 16 16 16 16 16 16 4 4 4 4 4 4 4 4 16 16 16 16 16 15 15 15 15 15 14 14 14 14 14 13 13 13 13 13 13 13 13 13 12 12 12 12 12 12 12 12 13 12 12 12 12 13 13 13 13 13 13 13 13 13 13 13 13 12 12 12 12 12 12 12 12 12
12 12 12 12 12 12 12 12 12 13 13 13 12 12 12 12 11 12 12 12 12 11 11 11 11 12 12 12 2 12 12 12 12 12 13 13 14 14 14 14 14 15 15 15 15 15 16 16 16 16 16 16 4 4 4 4 4 4 4 4 16 16 16 16 16 16 16 16 15 15 15 15 15 14 14 14 14 14 13 13 13 13 13 13 13 13 12 12 12 12 12 12 12 13 13 12 12 12 13 13 13 13 13 13 13 13 13 13 13 13 13 12 12 12 12 12 12 12 12 12
12 12 12 12 12 12 12 12 12 13 13 13 12 12 12 12 12 12 12 12 12 12 11 11 11 12 12 12 12 12 12 12 12 12 13 14 14 14 14 14 14 15 15 15 15 16 16 16 16 16 4 4 4 4 4 4 4 16 16 16 16 16 16 16 16 16 16 16 16 15 15 15 15 14 14 14 14 14 14 13 13 13 13 13 13 13 12 12 12 12 12 12 13 13 13 12 12 13 13 13 13 13 14 13 13 13 13 13 13 13 13 12 12 12 12 12 12 12 12 12
12 12 12 12 12 12 12 12 12 13 13 13 13 12 12 12 12 13 12 12 12 12 12 12 11 12 12 12 12 12 12 12 12 12 14 14 14 14 14 14 15 15 15 15 16 16 16 16 4 4 4 4 4 4 4 16 16 16 16 16 16 16 16 16 16 16 16 16 16 16 15 15 15 15 14 14 14 14 14 14 13 13 13 13 13 13 12 12 12 12 13 13 13 13 13 12 13 13 13 13 13 14 14 13 13 13 13 13 13 13 13 12 12 12 12 12 12 12 12 12
12 12 12 12 12 12 12 12 12 13 13 13 13 13 12 12 12 13 13 12 12 12 12 12 12 13 12 12 12 12 12 13 13 13 14 14 14 14 14 15 15 15 15 16 16 16 16 4 4 4 4 4 4 16 16 16 16 16 16 16 16 16 16 16 16 16 16 16 16 16 16 15 15 15 15 15 14 14 14 14 14 14 14 13 13 13 12 12 13 13 13 13 13 13 13 13 13 13 13 13 14 14 14 13 13 13 13 13 13 13 13 12 12 12 12 12 12 12 12 12
13 13 13 13 12 12 12 12 12 13 13 13 13 13 13 12 12 13 13 13 12 12 12 12 12 13 13 13 13 13 13 13 13 13 14 14 14 15 15 15 15 15 16 16 16 16 4 4 4 4 4 16 16 17 17 17 17 17 17 17 17 16 16 16 16 16 16 16 16 16 16 16 15 15 15 15 15 14 14 14 14 14 14 14 14 14 13 13 13 13 13 13 13 13 14 13 13 13 13 14 14 14 14 13 13 13 13 13 13 13 14 13 13 13 13 13 13 12 12 12
13 13 13 13 13 13 13 12 12 13 13 13 13 13 13 13 13 13 13 13 13 13 12 12 12 13 13 13 13 13 13 13 13 13 14 14 15 15 15 15 15 16 17 17 17 4 4 4 4 4 17 18 18 18 18 18 18 18 18 18 18 18 18 17 17 17 17 17 17 17 17 17 17 16 16 16 16 16 14 14 14 14 14 14 14 14 13 13 13 13 13 13 14 14 14 13 13 14 14 14 14 14 14 13 13 13 13 13 14 14 14 13 13 13 13 13 13 13 13 13
13 13 13 13 13 13 13 13 12 13 13 13 13 13 13 13 13 14 13 13 13 13 13 13 12 13 13 13 13 13 13 13 13 13 15 15 15 15 15 15 16 16 17 17 17 4 4 4 4 18 18 18 18 18 18 18 18 18 18 18 18 18 18 18 18 17 17 17 17 17 17 17 17 17 17 16 16 16 15 15 15 14 14 14 14 14 13 13 13 13 14 14 14 14 14 13 14 14 14 14 14 14 14 13 13 13 14 14 14 14 14 13 13 13 13 13 13 13 13 13
14 13 13 13 13 13 13 13 13 14 13 13 13 13 13 13 13 14 14 13 13 13 13 13 13 14 14 14 14 14 14 14 14 14 15 15 15 15 16 16 16 16 17 17 17 4 4 4 4 18 18 18 18 18 18 18 19 19 18 18 18 18 18 18 18 18 17 17 17 17 17 17 17 17 17 17 16 16 15 15 15 15 15 15 15 15 14 14 14 14 14 14 14 14 14 14 14 14 14 14 14 14 14 13 14 14 14 14 14 14 14 13 13 14 13 13 13 13 13 13
14 14 14 14 14 13 13 13 13 14 14 13 13 13 13 13 13 14 14 14 14 13 13 13 13 14 14 14 14 14 14 14 14 14 15 15 15 16 16 16 16 16 17 17 17 4 4 4 4 4 18 18 19 19 19 19 19 19 19 19 19 19 18 18 18 18 18 18 17 17 17 17 17 17 17 17 17 16 15 15 15 15 15 15 15 15 14 14 14 14 14 14 14 15 15 14 14 14 14 14 14 14 14 14 14 14 14 14 14 15 15 14 14 14 14 14 14 14 14 13
14 14 14 14 14 14 14 13 13 14 14 14 14 13 13 13 13 14 14 14 14 14 14 13 13 14 14 14 14 14 14 14 14 14 15 16 16 16 16 16 16 16 17 17 17 18 4 4 4 4 19 19 19 19 19 19 19 19 19 19 19 19 19 19 18 18 18 18 18 17 17 17 17 17 17 17 17 17 16 15 15 15 15 15 15 15 14 14 14 14 14 15 15 15 15 14 14 14 14 14 14 15 15 14 14 14 14 15 15 15 15 14 14 14 14 14 14 14 14 14
14 14 14 14 14 14 14 14 14 14 14 14 14 14 13 13 13 14 14 14 14 14 14 14 14 14 14 14 14 14 14 14 15 15 16 16 16 16 16 16 16 16 17 17 18 18 4 4 4 4 19 19 19 19 19 19 19 19 19 19 19 19 19 19 19 19 18 18 18 18 17 17 17 17 17 17 17 17 16 16 16 16 15 15 15 15 14 14 14 15 15 15 15 15 15 14 14 14 14 14 15 15 15 14 14 15 15 15 15 15 15 14 14 14 14 14 14 14 14 14
15 15 15 14 14 14 14 14 14 15 14 14 14 14 14 13 13 14 14 14 14 14 14 14 14 15 15 15 15 15 15 15 15 15 16 16 16 16 16 16 16 16 17 18 18 18 4 4 4 4 4 19 19 19 20 20 20 20 20 20 19 19 19 19 19 19 19 18 18 18 18 18 17 17 17 17 17 17 16 16 16 16 16 16 16 16 15 15 15 15 15 15 15 15 15 14 14 14 14 15 15 15 15 14 15 15 15 15 15 15 15 15 15 15 15 15 14 14 14 14
15 15 15 15 15 15 14 14 14 15 15 14 14 14 14 14 13 14 14 14 14 14 14 14 14 15 15 15 15 15 15 15 15 15 16 16 16 16 16 16 16 17 18 18 18 18 4 4 4 4 4 4 20 20 20 20 20 20 20 20 20 20 19 19 19 19 19 19 18 18 18 18 18 17 17 17 17 17 16 16 16 16 16 16 16 16 15 15 15 15 15 15 15 15 15 14 14 14 15 15 15 15 15 15 15 15 15 15 16 16 16 15 15 15 15 15 15 15 15 14
15 15 15 15 15 15 15 14 14 15 15 15 14 14 14 14 14 14 14 14 14 14 14 14 14 15 15 15 15 15 15 15 15 15 16 16 16 16 16 16 16 17 18 18 18 19 19 19 4 4 4 4 21 21 21 21 21 21 21 21 21 21 21 21 20 20 20 20 20 19 18 18 18 18 17 17 17 17 16 16 16 16 16 16 16 16 15 15 15 15 15 15 15 15 15 14 14 15 15 15 15 15 16 15 15 15 15 16 16 16 16 15 15 15 15 15 15 15 15 15
15 15 15 15 15 15 15 15 14 15 15 15 15 14 14 14 14 15 14 14 14 14 14 14 14 15 15 15 15 15 15 15 15 15 16 16 16 16 16 16 17 17 18 18 19 19 19 19 19 4 4 4 21 21 21 21 21 21 21 21 21 21 21 21 21 20 20 20 20 20 18 18 18 18 17 17 17 17 16 16 16 16 16 16 16 16 15 15 15 15 15 15 15 15 15 14 15 15 15 15 15 16 16 15 15 15 16 16 16 16 16 15 15 15 15 15 15 15 15 15
15 15 15 15 15 15 15 15 15 15 15 15 15 15 14 14 14 15 14 14 14 14 14 14 14 15 15 15 15 15 15 15 15 15 16 16 16 16 16 17 17 17 18 18 19 19 19 19 19 4 4 4 21 21 21 21 21 21 21 21 21 21 21 21 21 21 20 20 20 20 18 18 18 18 18 17 17 17 16 16 16 16 16 16 16 16 15 15 15 15 15 15 15 15 15 14 15 15 15 15 16 16 16 15 15 16 16 16 16 16 16 15 15 15 15 15 15 15 15 15
15 15 15 15 15 15 15 15 15 16 15 15 15 15 14 14 14 15 15 14 14 14 14 14 14 15 15 15 15 15 15 15 15 15 16 16 16 16 16 17 17 17 18 19 19 19 19 19 20 4 4 4 21 21 21 21 21 21 21 21 21 21 21 21 21 21 20 20 20 20 19 18 18 18 18 17 17 17 16 16 16 16 16 16 16 16 15 15 15 15 15 15 15 15 15 15 15 15 15 15 16 16 16 15 15 16 16 16 16 16 16 15 15 15 15 15 15 15 15 15
15 15 15 15 15 15 15 15 15 16 15 15 15 15 15 14 14 15 15 14 14 14 14 14 14 15 15 15 15 15 15 15 15 15 16 16 16 16 17 17 17 17 18 19 19 19 19 19 4 4 4 4 21 21 21 21 21 21 21 21 21 21 21 21 21 21 20 20 20 20 19 18 18 18 18 18 17 17 16 16 16 16 16 16 16 16 15 15 15 15 15 15 15 15 15 15 15 15 15 15 16 16 16 15 16 16 16 16 16 16 16 15 15 15 15 15 15 15 15 15
15 15 15 15 15 15 15 15 15 16 15 15 15 15 15 14 14 15 15 14 14 14 14 14 14 15 15 15 15 15 15 15 15 15 16 16 16 16 17 17 17 17 18 19 19 19 19 19 4 4 4 4 21 21 21 21 21 21 21 21 21 21 21 21 21 21 20 20 20 20 19 18 18 18 18 18 17 17 16 16 16 16 16 16 16 16 15 15 15 15 15 15 15 15 15 15 15 15 15 16 16 16 16 15 16 16 16 16 16 16 16 15 15 15 15 15 15 15 15 15
15 15 15 15 15 15 15 15 15 16 15 15 15 15 15 14 14 15 15 14 14 14 14 14 14 15 15 15 15 15 15 15 15 15 16 16 16 16 17 17 17 17 18 19 19 19 19 4 4 4 4 21 21 21 21 21 21 21 21 21 21 21 21 21 21 21 20 20 20 20 19 18 18 18 18 18 17 17 16 16 16 16 16 16 16 16 15 15 15 15 15 15 15 15 15 15 15 15 15 15 16 16 16 15 16 16 16 16 16 16 16 15 15 15 15 15 15 15 15 15
15 15 15 15 15 15 15 15 15 15 15 15 15 15 14 14 14 15 15 14 14 14 14 14 14 15 15 15 15 15 15 15 15 15 16 16 16 16 16 17 17 17 18 19 19 19 19 4 4 4 4 21 21 21 21 21 21 21 21 21 21 21 21 21 21 21 20 20 20 20 19 18 18 18 18 17 17 17 16 16 16 16 16 16 16 16 15 15 15 15 15 15 15 15 15 15 15 15 15 15 16 16 16 15 15 16 16 16 16 16 16 15 15 15 15 15 15 15 15 15
15 15 15 15 15 15 15 15 15 15 15 15 15 15 14 14 14 15 14 14 14 14 14 14 14 15 15 15 15 15 15 15 15 15 16 16 16 16 16 17 17 17 18 18 19 19 19 4 4 4 21 21 21 21 21 21 21 21 21 21 21 21 21 21 21 20 20 20 20 20 18 18 18 18 18 17 17 17 16 16 16 16 16 16 16 16 15 15 15 15 15 15 15 15 15 14 15 15 15 15 16 16 16 15 15 16 16 16 16 16 16 15 15 15 15 15 15 15 15 15
15 15 15 15 15 15 15 15 14 15 15 15 15 14 14 14 14 15 14 14 14 14 14 14 14 15 15 15 15 15 15 15 15 15 16 16 16 16 16 16 17 17 18 18 19 19 4 4 4 4 21 21 21 21 21 21 21 21 21 22 22 21 21 21 21 20 20 20 20 20 18 18 18 18 17 17 17 17 16 16 16 16 16 16 16 16 15 15 15 15 15 15 15 15 15 14 15 15 15 15 15 16 16 15 15 15 16 16 16 16 16 15 15 15 15 15 15 15 15 15
15 15 15 15 15 15 15 14 14 15 15 15 14 14 14 14 14 14 14 14 14 14 14 14 14 15 15 15 15 15 15 15 15 15 16 16 16 16 16 16 16 17 18 18 18 19 4 4 4 4 21 21 21 21 21 21 21 21 21 22 22 21 21 21 20 20 20 20 20 19 18 18 18 17 17 17 17 17 16 16 16 16 16 16 16 16 15 15 15 15 15 15 15 15 15 14 14 15 15 15 15 15 16 15 15 15 15 16 16 16 16 15 15 15 15 15 15 15 15 15
15 15 15 15 15 15 14 14 14 15 15 14 14 14 14 14 13 14 14 14 14 14 14 14 14 15 15 15 15 15 15 15 15 15 16 16 16 16 16 16 16 16 18 18 18 18 4 4 4 19 20 20 21 21 21 21 21 21 21 21 21 21 20 20 20 20 20 20 19 19 18 18 18 17 17 17 17 17 16 16 16 16 16 16 16 16 15 15 15 15 15 15 15 15 15 14 14 14 15 15 15 15 15 15 15 15 15 15 15 16 16 15 15 15 15 15 15 15 15 14
15 15 15 14 14 14 14 14 14 15 14 14 14 14 14 13 13 14 14 14 14 14 14 14 14 15 15 15 15 15 15 15 15 15 16 16 16 16 16 16 16 16 17 18 18 18 4 4 4 4 4 20 20 20 20 21 21 21 21 21 20 20 20 20 20 20 20 19 19 19 18 18 17 17 17 17 17 17 16 16 16 16 16 16 16 16 15 15 15 15 15 15 15 15 15 14 14 14 14 15 15 15 15 14 15 15 15 15 15 15 15 15 15 15 15 15 14 14 14 14
14 14 14 14 14 14 14 14 14 14 14 14 14 14 13 13 13 14 14 14 14 14 14 14 14 14 14 14 14 14 14 14 14 15 16 16 16 16 16 16 16 16 17 17 18 18 4 4 4 4 4 4 20 20 20 20 20 20 20 20 20 20 20 20 20 20 19 19 19 19 17 17 17 17 17 17 17 17 16 16 16 16 15 15 15 15 14 14 14 15 15 15 15 15 15 14 14 14 14 14 15 15 15 14 14 15 15 15 15 15 15 14 14 14 14 14 14 14 14 14
14 14 14 14 14 14 14 13 13 14 14 14 14 13 13 13 13 14 14 14 14 14 14 13 13 14 14 14 14 14 14 14 14 14 15 16 16 16 16 16 16 16 17 17 17 18 18 18 4 4 4 4 4 20 20 20 20 20 20 20 20 20 20 20 19 19 19 19 19 18 17 17 17 17 17 17 17 17 16 15 15 15 15 15 15 15 14 14 14 14 14 15 15 15 15 14 14 14 14 14 14 15 15 14 14 14 14 15 15 15 15 14 14 14 14 14 14 14 14 14
14 14 14 14 14 13 13 13 13 14 14 13 13 13 13 13 13 14 14 14 14 13 13 13 13 14 14 14 14 14 14 14 14 14 15 15 15 16 16 16 16 16 17 17 17 17 18 18 18 4 4 4 4 4 20 20 20 20 20 20 20 20 19 19 19 19 19 19 18 18 17 17 17 17 17 17 17 16 15 15 15 15 15 15 15 15 14 14 14 14 14 14 14 15 15 14 14 14 14 14 14 14 14 14 14 14 14 14 14 15 15 14 14 14 14 14 14 14 13 13
13 13 13 13 13 13 13 13 13 14 13 13 13 13 13 13 13 14 14 13 13 13 13 13 13 14 14 14 13 13 14 14 14 14 15 15 15 15 16 16 16 16 17 17 17 17 17 17 18 18 4 4 4 4 4 4 4 19 19 19 19 19 19 19 19 19 18 18 18 18 17 17 17 17 17 17 16 16 15 15 15 15 15 15 15 14 14 14 14 14 14 14 14 14 14 14 14 14 14 14 14 14 14 13 14 14 14 14 14 14 14 13 13 13 13 13 13 13 13 13
13 13 13 13 13 13 13 13 12 13 13 13 13 13 13 13 13 14 13 13 13 13 13 13 12 13 13 13 13 13 13 13 13 13 15 15 15 15 15 15 16 16 17 17 17 17 17 17 17 18 19 4 4 4 4 4 4 4 4 19 19 19 19 19 19 18 18 18 18 18 17 17 17 17 16 16 16 16 15 15 14 14 14 14 14 14 13 13 13 13 14 14 14 14 14 13 14 14 14 14 14 14 14 13 13 13 14 14 14 14 14 13 13 13 13 13 13 13 13 13
13 13 13 13 13 13 13 12 12 13 13 13 13 13 13 13 13 13 13 13 13 13 12 12 12 13 13 13 13 13 13 13 13 13 14 14 15 15 15 15 15 16 17 17 17 17 17 17 17 17 18 19 19 19 4 4 4 4 4 4 4 4 19 18 18 18 18 18 18 18 17 17 17 16 16 16 16 16 14 14 14 14 14 14 14 14 13 13 13 13 13 13 14 14 14 13 13 13 14 14 14 14 14 13 13 13 13 13 14 14 14 13 13 13 13 13 13 13 13 13
13 13 13 13 12 12 12 12 12 13 13 13 13 13 13 12 12 13 13 13 12 12 12 12 12 13 13 13 13 13 13 13 13 13 14 14 14 15 15 15 15 15 17 17 17 17 17 17 17 17 18 18 18 19 19 19 4 4 4 4 4 4 4 18 18 18 18 18 18 18 17 17 16 16 16 16 16 15 14 14 14 14 14 14 14 14 13 13 13 13 13 13 13 13 14 13 13 13 13 14 14 14 14 13 13 13 13 13 13 13 14 13 13 13 13 13 13 12 12 12
12 12 12 12 12 12 12 12 12 13 13 13 13 13 12 12 12 13 13 12 12 12 12 12 12 13 12 12 12 12 12 13 13 13 14 14 14 14 14 15 15 15 16 17 17 17 17 17 17 17 17 17 17 17 17 17 17 17 17 4 4 4 4 4 4 17 17 17 17 17 17 16 16 16 16 15 15 15 14 14 14 14 14 13 13 13 12 12 13 13 13 13 13 13 13 13 13 13 13 13 14 14 14 13 13 13 13 13 13 13 13 12 12 12 12 12 12 12 12 12
12 12 12 12 12 12 12 12 12 13 13 13 13 12 12 12 12 13 12 12 12 12 12 12 11 12 12 12 12 12 12 12 12 12 14 14 14 14 14 14 15 15 16 16 17 17 17 17 17 17 17 17 17 17 17 17 17 17 17 17 4 4 4 4 4 4 4 17 17 17 16 16 16 16 15 15 15 15 14 14 13 13 13 13 13 13 12 12 12 12 13 13 13 13 13 12 13 13 13 13 13 14 14 13 13 13 13 13 13 13 13 12 12 12 12 12 12 12 12 12
12 12 12 12 12 12 12 12 12 13 13 13 12 12 12 12 12 12 12 12 12 12 11 11 11 12 12 12 12 12 12 12 12 12 13 14 14 14 14 14 14 15 16 16 16 17 17 17 17 17 17 17 17 17 17 17 17 17 17 17 17 17 4 4 4 4 4 4 4 4 16 16 16 15 15 15 15 15 14 13 13 13 13 13 13 13 12 12 12 12 12 12 13 13 13 12 12 13 13 13 13 13 14 13 13 13 13 13 13 13 13 12 12 12 12 12 12 12 12 12
12 12 12 12 12 12 12 12 12 13 13 12 12 12 12 12 11 12 12 12 12 11 11 11 11 12 12 12 12 12 12 12 12 12 13 13 14 14 14 14 14 15 16 16 16 16 17 17 17 17 17 17 17 17 17 17 17 17 17 17 17 17 17 17 4 4 4 4 4 4 4 4 16 15 15 15 15 15 13 13 13 13 13 13 13 13 12 12 12 12 12 12 12 13 13 12 12 12 13 13 13 13 13 13 13 13 13 13 13 13 13 12 12 12 12 12 12 12 12 12
12 12 12 12 12 12 12 12 12 13 13 12 12 12 12 11 11 12 12 12 11 11 11 11 11 12 12 12 12 12 12 12 12 12 13 13 13 14 14 14 14 14 16 16 16 16 16 17 17 17 17 17 17 17 17 17 17 17 17 17 17 17 17 17 17 17 17 4 4 4 4 4 4 15 15 15 15 14 13 13 13 13 13 13 13 13 12 12 12 12 12 12 12 12 13 12 12 12 12 13 13 13 13 13 13 13 13 13 13 13 13 12 12 12 12 12 12 12 12 12
12 12 12 12 12 12 12 12 12 13 12 12 12 12 12 11 11 12 12 12 11 11 11 11 11 12 12 12 12 12 12 12 12 12 13 13 13 13 14 14 14 14 15 16 16 16 16 17 17 17 17 17 17 17 17 17 17 17 17 17 17 17 17 17 17 17 17 16 16 4 4 4 4 4 15 15 14 14 13 13 13 13 13 13 13 13 12 12 12 12 12 12 12 12 13 12 12 12 12 13 13 13 13 12 13 13 13 13 13 13 13 12 12 12 12 12 12 12 12 12
12 12 12 12 12 12 12 12 12 13 12 12 12 12 12 11 11 12 12 11 11 11 11 11 11 12 12 12 12 12 12 12 12 12 13 13 13 13 14 14 14 14 15 16 16 16 16 16 17 17 17 17 17 17 17 17 17 17 17 17 17 17 17 17 17 17 17 16 16 16 4 4 4 4 4 15 14 14 13 13 13 13 13 13 13 13 12 12 12 12 12 12 12 12 12 12 12 12 12 13 13 13 13 12 13 13 13 13 13 13 13 12 12 12 12 12 12 12 12 12
12 12 12 12 12 12 12 12 12 13 12 12 12 12 12 11 11 12 12 11 11 11 11 11 11 12 12 12 12 12 12 12 12 12 13 13 13 13 14 14 14 14 15 16 16 16 16 16 17 17 17 17 17 17 17 17 17 17 17 17 17 17 17 17 17 17 16 16 16 16 16 4 4 4 4 15 14 14 13 13 13 13 13 13 13 13 12 12 12 12 12 12 12 12 12 12 12 12 12 13 13 13 13 12 13 13 13 13 13 13 13 12 12 12 12 12 12 12 12 12
12 12 12 12 12 12 12 12 12 13 12 12 12 12 12 11 11 12 12 11 11 11 11 11 11 12 12 12 12 12 12 12 12 12 13 13 13 13 14 14 14 14 14 15 15 15 15 15 16 16 16 16 16 16 16 16 16 16 16 16 16 16 16 16 16 16 16 15 15 15 15 14 4 4 4 14 13 13 13 13 13 13 13 13 13 13 12 12 12 12 12 12 3 12 12 12 12 12 12 13 13 13 13 12 13 13 13 13 13 13 13 12 12 12 12 12 12 12 12 12
12 12 12 12 12 12 12 12 12 13 12 12 12 12 12 11 11 12 12 12 11 11 11 11 11 12 12 12 12 12 12 12 12 12 13 13 13 13 14 14 14 14 14 15 15 15 15 16 16 16 16 16 16 16 16 16 16 16 16 16 16 16 16 16 16 16 16 15 15 15 15 15 4 4 4 14 13 13 13 13 13 13 13 13 13 13 12 12 12 3 3 3 3 3 3 3 12 12 12 13 13 13 13 12 13 13 13 13 13 13 13 12 12 12 12 12 12 12 12 12
12 12 12 12 12 12 12 12 12 13 13 12 12 12 12 11 11 12 12 12 11 11 11 11 11 12 12 12 12 12 12 12 12 12 13 13 13 14 14 14 14 14 15 15 15 15 15 16 16 16 16 16 16 16 16 16 16 16 16 16 16 16 16 16 16 16 16 15 15 15 15 15 4 4 4 14 14 13 13 13 13 13 13 13 13 13 12 12 3 3 3 3 3 3 3 3 3 12 12 13 13 13 13 13 13 13 13 13 13 13 13 12 12 12 12 12 12 12 12 12
12 12 12 12 12 12 12 12 12 13 13 13 12 12 12 12 11 12 12 12 12 11 11 11 11 12 12 12 12 12 12 12 12 12 13 13 14 14 14 14 14 15 15 15 15 15 16 16 16 16 16 16 16 16 16 16 16 16 16 16 16 16 16 16 16 16 16 16 15 15 15 15 4 4 4 14 14 14 13 13 13 13 13 13 13 13 12 3 3 3 3 3 3 3 3 3 3 3 13 13 13 13 13 13 13 13 13 13 13 13 13 12 12 12 12 12 12 12 12 12
12 12 12 12 12 12 12 12 12 13 13 13 12 12 12 12 12 12 12 12 12 12 11 11 11 12 12 12 12 12 12 12 12 12 13 14 14 14 14 14 14 15 15 15 15 16 16 16 16 16 16 16 16 16 16 16 16 16 16 16 16 16 16 16 16 16 16 16 16 15 15 4 4 4 4 14 14 14 14 13 13 13 13 13 13 13 3 3 3 3 3 3 3 3 3 3 3 3 3 13 13 13 14 13 13 13 13 13 13 13 13 12 12 12 12 12 12 12 12 12
12 12 12 12 12 12 12 12 12 13 13 13 13 12 12 12 12 13 12 12 12 12 12 12 11 12 12 12 12 12 12 12 12 12 14 14 14 14 14 14 15 15 15 15 16 16 16 16 16 16 16 16 16 16 16 16 16 16 16 16 16 16 16 16 16 16 16 16 16 16 4 4 4 4 4 14 14 14 14 14 13 13 13 13 13 13 3 3 3 3 3 3 3 3 3 3 3 3 3 13 13 14 14 13 13 13 13 13 13 13 13 12 12 12 12 12 12 12 12 12
12 12 12 12 12 12 12 12 12 13 13 13 13 13 12 12 12 13 13 12 12 12 12 12 12 13 12 12 12 12 12 13 13 13 14 14 14 14 14 15 15 15 15 16 16 16 16 16 16 16 16 16 16 16 16 16 16 16 16 16 16 16 16 16 16 16 16 16 16 4 4 4 4 4 15 15 14 14 14 14 14 14 14 13 13 13 3 3 3 3 3 3 3 3 3 3 3 3 3 13 14 14 14 13 13 13 13 13 13 13 13 12 12 12 12 12 12 12 12 12
13 13 13 13 12 12 12 12 12 13 13 13 13 13 13 12 12 13 13 13 12 12 12 12 12 13 13 13 13 13 13 13 13 13 14 14 14 15 15 15 15 15 16 16 16 16 16 16 16 16 16 16 16 17 17 17 17 17 17 17 17 16 16 16 16 16 16 16 16 4 4 4 4 15 15 15 15 14 14 14 14 14 14 14 14 3 3 3 3 3 3 3 3 3 3 3 3 3 3 3 14 14 14 13 13 13 13 13 13 13 14 13 13 13 13 13 13 12 12 12
13 13 13 13 13 13 13 12 12 13 13 13 13 13 13 13 13 13 13 13 13 13 12 12 12 13 13 13 13 13 13 13 13 13 13 13 14 14 14 14 14 15 15 15 15 15 15 15 15 15 15 16 16 16 16 16 16 16 16 16 16 16 16 15 15 15 15 15 15 4 4 4 15 14 14 14 14 14 13 13 13 13 13 13 13 13 3 3 3 3 3 3 3 3 3 3 3 3 3 14 14 14 14 13 13 13 13 14 14 14 14 13 13 13 13 13 13 13 13 13
13 13 13 13 13 13 13 13 12 13 13 13 13 13 13 13 13 14 13 13 13 13 13 13 12 13 13 13 13 13 13 13 13 13 14 14 14 14 14 14 15 15 15 15 15 15 15 15 15 16 16 16 16 16 16 16 16 16 16 16 16 16 16 16 16 15 15 15 15 4 4 4 15 15 15 14 14 14 14 14 14 13 13 13 13 13 3 3 3 3 3 3 3 3 3 3 3 3 3 14 14 14 14 13 13 13 14 14 14 14 14 13 13 13 13 13 13 13 13 13
14 13 13 13 13 13 13 13 13 14 13 13 13 13 13 13 13 14 14 13 13 13 13 13 13 14 14 14 14 14 14 14 14 14 14 14 14 14 15 15 15 15 15 15 15 15 15 15 16 16 16 16 16 16 16 16 17 17 16 16 16 16 16 16 16 16 16 15 15 4 4 4 15 15 15 15 14 14 14 14 14 14 14 14 14 14 3 3 3 3 3 3 3 3 3 3 3 3 3 14 14 14 14 13 14 14 14 14 14 14 14 13 13 14 14 13 13 13 13 13
14 14 14 14 14 13 13 13 13 14 14 13 13 13 13 13 13 14 14 14 14 13 13 13 13 14 14 14 14 14 14 14 14 14 14 14 14 15 15 15 15 15 15 15 15 15 16 16 16 16 16 16 17 17 17 17 17 17 17 17 17 17 16 16 16 16 16 16 15 4 4 4 4 15 15 15 15 15 14 14 14 14 14 14 14 14 14 3 3 3 3 3 3 3 3 3 3 3 14 14 14 14 14 14 14 14 14 14 14 15 15 14 14 14 14 14 14 14 14 13
14 14 14 14 14 14 14 13 13 14 14 14 14 13 13 13 13 14 14 14 14 14 14 13 13 14 14 14 14 14 14 14 14 14 14 15 15 15 15 15 15 15 15 15 15 16 16 16 16 16 17 17 17 17 17 17 17 17 17 17 17 17 17 17 16 16 16 16 16 4 4 4 4 15 15 15 15 15 15 14 14 14 14 14 14 14 14 14 3 3 3 3 3 3 3 3 3 14 14 14 14 15 15 14 14 14 14 15 15 15 15 14 14 14 14 14 14 14 14 14
14 14 14 14 14 14 14 14 14 14 14 14 14 14 13 13 13 14 14 14 14 14 14 14 14 14 14 14 14 14 14 14 15 15 15 15 15 15 15 15 15 15 15 15 16 16 16 16 17 17 17 17 17 17 17 17 17 17 17 17 17 17 17 17 17 17 16 16 16 16 4 4 4 4 15 15 15 15 15 15 15 15 14 14 14 14 14 14 14 3 3 3 3 3 3 3 14 14 14 14 15 15 15 14 14 15 15 15 15 15 15 14 14 14 14 14 14 14 14 14
15 15 15 14 14 14 14 14 14 15 14 14 14 14 14 13 13 14 14 14 14 14 14 14 14 15 15 15 15 15 15 15 15 15 15 15 15 15 15 15 15 15 15 16 16 16 16 17 17 17 17 17 17 17 18 18 18 18 18 18 17 17 17 17 17 17 17 16 16 16 4 4 4 4 15 15 15 15 15 15 15 15 15 15 15 15 15 15 15 15 15 15 3 15 15 14 14 14 14 15 15 15 15 14 15 15 15 15 15 15 15 15 15 15 15 15 14 14 14 14
15 15 15 15 15 15 14 14 14 15 15 15 14 14 14 14 13 14 14 14 14 14 14 14 14 15 15 15 15 15 15 15 15 15 15 15 15 15 15 15 15 16 16 16 16 16 17 17 17 17 17 17 18 18 18 18 18 18 18 18 18 18 17 17 17 17 17 17 16 16 16 4 4 4 15 15 15 15 15 15 15 15 15 15 15 15 15 15 15 15 15 15 15 15 15 14 14 14 15 15 15 15 15 15 15 15 15 15 16 16 16 15 15 15 15 15 15 15 15 14
15 15 15 15 15 15 15 14 14 15 15 15 14 14 14 14 14 14 14 14 14 14 14 14 14 15 15 15 15 15 15 15 15 15 15 15 15 15 15 15 15 16 16 16 16 17 17 17 17 17 18 18 18 18 18 18 18 18 18 18 18 18 18 18 17 17 17 17 17 16 16 4 4 4 15 15 15 15 15 15 15 15 15 15 15 15 15 15 15 15 15 15 15 15 15 14 14 15 15 15 15 15 16 15 15 15 15 16 16 16 16 15 15 15 15 15 15 15 15 15
15 15 15 15 15 15 15 15 14 15 15 15 15 14 14 14 14 15 14 14 14 14 14 14 14 14 14 14 14 14 14 14 14 14 14 14 14 14 14 14 15 15 15 15 16 16 16 16 16 17 17 17 17 17 17 17 17 17 17 17 17 17 17 17 17 16 16 16 16 16 15 4 4 4 14 14 14 14 14 14 14 14 14 14 14 14 14 14 14 14 14 14 14 14 14 14 15 15 15 15 15 16 16 15 15 15 16 16 16 16 16 15 15 15 15 15 15 15 15 15
15 15 15 15 15 15 15 15 15 15 15 15 15 15 14 14 14 15 14 14 14 14 14 14 14 14 14 14 14 14 14 14 14 14 14 14 14 14 14 15 15 15 15 15 16 16 16 16 16 17 17 17 17 17 17 17 17 17 17 17 17 17 17 17 17 17 16 16 16 16 15 4 4 4 15 14 14 14 14 14 14 14 14 14 14 14 14 14 14 14 14 14 14 14 14 14 15 15 15 15 16 16 16 15 15 16 16 16 16 16 16 15 15 15 15 15 15 15 15 15
15 15 15 15 15 15 15 15 15 16 15 15 15 15 14 14 14 15 15 14 14 14 14 14 14 14 14 14 14 14 14 14 14 14 14 14 14 14 14 15 15 15 15 16 16 16 16 16 17 17 17 17 17 17 17 17 17 17 17 17 17 17 17 17 17 17 16 16 16 16 4 4 4 4 15 14 14 14 14 14 14 14 14 14 14 14 14 14 14 14 14 14 14 14 14 15 15 15 15 15 16 16 16 15 15 16 16 16 16 16 16 15 15 15 15 15 15 15 15 15
15 15 15 15 15 15 15 15 15 16 15 15 15 15 15 14 14 15 15 14 14 14 14 14 14 14 14 14 14 14 14 14 14 14 14 14 14 14 15 15 15 15 15 16 16 16 16 16 17 17 17 17 17 17 17 17 17 17 17 17 17 17 17 17 17 17 16 16 16 4 4 4 4 4 15 15 14 14 14 14 14 14 14 14 14 14 14 14 14 14 14 14 14 14 14 15 15 15 15 15 16 16 16 15 16 16 16 16 16 16 16 15 15 15 15 15 15 15 15 15
15 15 15 15 15 15 15 15 15 16 15 15 15 15 15 14 14 15 15 14 14 14 14 14 14 14 14 14 14 14 14 14 14 14 14 14 14 14 15 15 15 15 15 16 16 16 16 16 17 17 17 17 17 17 17 17 17 17 17 17 17 17 17 17 17 17 16 4 4 4 4 4 4 15 15 15 14 14 14 14 14 14 14 14 14 14 14 14 14 14 14 14 14 14 14 15 15 15 15 16 16 16 16 15 16 16 16 16 16 16 16 15 15 15 15 15 15 15 15 15
15 15 15 15 15 15 15 15 15 16 15 15 15 15 15 14 14 15 15 14 14 14 14 14 14 14 14 14 14 14 14 14 14 14 14 14 14 14 15 15 15 15 15 16 16 16 16 16 17 17 17 17 17 17 17 17 17 17 17 17 17 17 17 17 17 17 4 4 4 4 4 4 15 15 15 15 14 14 14 14 14 14 14 14 14 14 14 14 14 14 14 14 14 14 14 15 15 15 15 15 16 16 16 15 16 16 16 16 16 16 16 15 15 15 15 15 15 15 15 15
15 15 15 15 15 15 15 15 15 15 15 15 15 15 14 14 14 15 15 14 14 14 14 14 14 14 14 14 14 14 14 14 14 14 14 14 14 14 14 15 15 15 15 16 16 16 16 16 17 17 17 17 17 17 17 17 17 17 17 17 17 17 17 17 4 4 4 4 4 4 16 15 15 15 15 14 14 14 14 14 14 14 14 14 14 14 14 14 14 14 14 14 14 14 14 15 15 15 15 15 16 16 16 15 15 16 16 16 16 16 16 15 15 15 15 15 15 15 15 15
15 15 15 15 15 15 15 15 15 15 15 15 15 15 14 14 14 15 14 14 14 14 14 14 14 14 14 14 14 14 14 14 14 14 14 14 14 14 14 15 15 15 15 15 16 16 16 16 16 17 17 17 17 17 17 17 17 17 17 17 17 4 4 4 4 4 4 4 4 16 15 15 15 15 15 14 14 14 14 14 14 14 14 14 14 14 14 14 14 14 14 14 14 14 14 14 15 15 15 15 16 16 16 15 15 16 16 16 16 16 16 15 15 15 15 15 15 15 15 15
15 15 15 15 15 15 15 15 14 15 15 15 15 14 14 14 14 14 13 13 13 13 13 13 13 13 13 13 13 13 13 13 13 13 13 13 13 13 13 13 14 14 14 14 15 15 15 15 15 16 16 16 16 16 16 16 16 16 16 4 4 4 4 4 4 4 4 15 15 15 14 14 14 14 13 13 13 13 13 13 13 13 13 13 13 13 13 13 13 13 13 13 13 13 13 13 14 14 14 14 14 15 15 15 15 15 16 16 16 16 16 15 15 15 15 15 15 15 15 15
15 15 15 15 15 15 15 14 14 15 15 15 14 14 14 14 14 13 13 13 13 13 13 13 13 13 13 13 13 13 13 13 13 13 13 13 13 13 13 13 13 14 14 14 14 15 15 15 15 15 15 16 16 16 16 16 16 16 4 4 4 4 4 4 15 15 15 15 15 14 14 14 14 13 13 13 13 13 13 13 13 13 13 13 13 13 13 13 13 13 13 13 13 13 13 13 13 14 14 14 14 14 15 15 15 15 15 16 16 16 16 15 15 15 15 15 15 15 15 15
15 15 15 15 15 14 14 14 14 15 15 14 14 14 14 14 13 13 13 13 13 13 13 13 13 13 13 13 13 13 13 13 13 13 13 13 13 13 13 13 13 13 14 14 14 14 15 15 15 15 15 15 16 16 16 4 4 4 4 4 4 4 15 15 15 15 15 15 14 14 14 14 14 13 13 13 13 13 13 13 13 13 13 13 13 13 13 13 13 13 13 13 13 13 13 13 13 13 14 14 14 14 14 15 15 15 15 15 15 16 16 15 15 15 15 15 15 15 15 14
15 15 15 14 14 14 14 14 14 15 14 14 14 14 14 13 13 13 13 13 13 13 13 13 13 13 13 13 13 13 13 13 13 13 13 13 13 13 13 13 13 13 13 14 14 14 14 15 15 15 15 15 4 4 4 4 4 4 4 4 4 15 15 15 15 15 15 14 14 14 14 14 13 13 13 13 13 13 13 13 13 13 13 13 13 13 13 13 13 13 13 13 13 13 13 13 13 13 13 14 14 14 14 14 15 15 15 15 15 15 15 15 15 15 15 15 14 14 14 14
14 14 14 14 14 14 14 14 14 14 14 14 14 14 13 13 13 13 13 13 13 13 13 13 13 12 12 12 12 12 12 12 12 13 13 13 13 13 13 13 13 13 13 13 14 14 14 14 14 15 15 4 4 4 4 4 4 4 15 15 15 15 15 15 15 15 14 14 14 14 13 13 13 13 13 13 13 13 13 13 13 12 12 12 12 12 12 12 12 13 13 13 13 13 13 13 13 13 13 13 14 14 14 14 14 15 15 15 15 15 15 14 14 14 14 14 14 14 14 14
14 14 14 14 14 14 14 13 13 14 14 14 14 13 13 13 13 13 13 13 13 13 13 12 12 12 12 12 12 12 12 12 12 12 12 13 13 13 13 13 13 13 13 13 13 14 14 14 14 4 4 4 4 4 4 15 15 15 15 15 15 15 15 15 14 14 14 14 14 13 13 13 13 13 13 13 13 13 13 12 12 12 12 12 12 12 12 12 12 12 12 13 13 13 13 13 13 13 13 13 13 14 14 14 14 14 14 15 15 15 15 14 14 14 14 14 14 14 14 14
14 14 14 14 14 13 13 13 13 14 14 13 13 13 13 13 13 13 13 13 13 12 12 12 12 12 12 12 12 12 12 12 12 12 12 12 12 13 13 13 13 13 13 13 13 13 14 4 4 4 4 4 4 4 15 15 15 15 15 15 15 15 14 14 14 14 14 14 13 13 13 13 13 13 13 13 13 12 12 12 12 12 12 12 12 12 12 12 12 12 12 12 12 13 13 13 13 13 13 13 13 13 13 14 14 14 14 14 14 15 15 14 14 14 14 14 14 14 13 13
13 13 13 13 13 13 13 13 13 14 13 13 13 13 13 13 13 13 13 12 12 12 12 12 12 12 12 12 11 11 12 12 12 12 12 12 12 12 13 13 13 13 13 13 13 13 4 4 4 4 4 4 14 14 14 14 14 14 14 14 14 14 14 14 14 14 13 13 13 13 13 13 13 13 13 13 12 12 12 12 12 12 12 12 11 11 12 12 12 12 12 12 12 12 12 13 13 13 13 13 13 13 13 13 14 14 14 14 14 14 14 13 13 13 13 13 13 13 13 13
13 13 13 13 13 13 13 13 12 12 12 12 12 12 12 12 12 12 11 11 11 11 11 11 10 10 10 10 10 10 10 10 10 10 11 11 11 11 11 11 12 12 12 12 12 4 4 4 4 4 13 13 13 13 13 13 13 13 13 13 13 13 13 13 13 12 12 12 12 12 12 12 12 12 11 11 11 11 11 11 10 10 10 10 10 10 10 10 10 10 11 11 11 11 11 11 12 12 12 12 12 12 12 12 12 12 13 13 13 13 13 13 13 13 13 13 13 13 13 13
13 13 13 13 13 13 12 12 12 12 12 12 12 12 12 12 12 11 11 11 11 11 10 10 10 10 10 10 10 10 10 10 10 10 10 10 11 11 11 11 11 12 12 12 12 4 4 4 4 12 12 13 13 13 13 13 13 13 13 13 13 13 13 12 12 12 12 12 12 12 12 12 12 11 11 11 11 11 10 10 10 10 10 10 10 10 10 10 10 10 10 10 11 11 11 11 11 11 12 12 12 12 12 12 12 12 12 12 13 13 13 13 13 13 13 13 13 13 13 13
13 13 13 13 12 12 12 12 12 12 12 12 12 12 12 11 11 11 11 11 10 10 10 10 10 10 10 10 10 10 10 10 10 10 10 10 10 11 11 11 11 11 12 12 12 4 4 4 12 12 12 12 12 13 13 13 13 13 13 13 13 12 12 12 12 12 12 12 12 12 12 12 11 11 11 11 11 10 10 10 10 10 10 10 10 10 10 10 10 10 10 10 10 10 11 11 11 11 11 12 12 12 12 12 12 12 12 12 12 12 13 13 13 13 13 13 13 12 12 12
12 12 12 12 12 12 12 12 12 12 12 12 12 12 11 11 11 11 11 10 10 10 10 10 10 10 9 9 9 9 9 9 10 10 10 10 10 10 10 11 11 11 11 12 12 4 4 4 4 12 12 12 12 12 12 12 12 12 12 12 12 12 12 12 12 12 12 12 12 12 12 11 11 11 11 10 10 10 10 10 10 10 10 9 9 9 9 9 10 10 10 10 10 10 10 11 11 11 11 11 12 12 12 12 12 12 12 12 12 12 12 12 12 12 12 12 12 12 12 12
12 12 12 12 12 12 12 12 12 12 12 12 12 11 11 11 11 11 10 10 10 10 10 10 9 9 9 9 9 9 9 9 9 9 10 10 10 10 10 10 11 11 11 11 12 4 4 4 4 12 12 12 12 12 12 12 12 12 12 12 12 12 12 12 12 12 12 12 12 12 11 11 11 11 10 10 10 10 10 10 9 9 9 9 9 9 9 9 9 9 10 10 10 10 10 10 11 11 11 11 11 12 12 12 12 12 12 12 12 12 12 12 12 12 12 12 12 12 12 12
12 12 12 12 12 12 12 12 12 12 12 12 11 11 11 11 11 10 10 10 10 10 9 9 9 9 9 9 9 9 9 9 9 9 9 10 10 10 10 10 10 11 11 11 11 12 4 4 4 12 12 12 12 12 12 12 12 12 12 12 12 12 12 12 12 12 12 12 12 11 11 11 11 10 10 10 10 10 10 9 9 9 9 9 9 9 9 9 9 9 9 9 10 10 10 10 10 11 11 11 11 11 12 12 12 12 12 12 12 12 12 12 12 12 12 12 12 12 12 12
12 12 12 12 12 12 12 12 12 12 12 11 11 11 11 11 10 10 10 10 10 9 9 9 9 9 9 9 9 9 9 9 9 9 9 9 10 10 10 10 10 10 11 11 11 11 4 4 4 4 12 12 12 12 12 12 12 12 12 12 12 12 12 12 12 12 12 12 11 11 11 11 11 10 10 10 10 10 9 9 9 9 9 9 9 9 9 9 9 9 9 9 9 10 10 10 10 10 11 11 11 11 11 12 12 12 12 12 12 12 12 12 12 12 12 12 12 12 12 12
12 12 12 12 12 12 12 12 12 12 12 11 11 11 11 10 10 10 10 10 9 9 9 9 9 9 9 9 9 9 9 9 9 9 9 9 9 10 10 10 10 10 11 11 11 11 4 4 4 4 4 12 12 12 12 12 12 12 12 12 12 12 12 12 12 12 12 11 11 11 11 11 10 10 10 10 10 9 9 9 9 9 9 9 9 9 9 9 9 9 9 9 9 9 10 10 10 10 10 11 11 11 11 12 12 12 12 12 12 12 12 12 12 12 12 12 12 12 12 12
12 12 12 12 12 12 12 12 12 12 11 11 11 11 11 10 10 10 10 10 9 9 9 9 9 9 9 9 9 9 9 9 9 9 9 9 9 9 10 10 10 10 10 11 11 11 11 4 4 4 4 12 12 12 12 12 12 12 12 12 12 12 12 12 12 12 12 11 11 11 11 11 10 10 10 10 9 9 9 9 9 9 9 9 9 9 9 9 9 9 9 9 9 9 10 10 10 10 10 11 11 11 11 11 12 12 12 12 12 12 12 12 12 12 12 12 12 12 12 12
