130
16 15 15 15 15 15 15 15 15 15 14 14 14 14 14 14 14 14 14 13 13 13 13 13 13 13 13 13 13 13 13 13 13 13 13 13 13 13 14 14 14 14 14 14 14 14 14 14 15 15 15 15 15 15 15 15 15 15 15 15 15 15 15 15 15 15 14 14 14 14 14 14 14 14 14 14 13 13 13 13 13 13 13 13 13 13 13 13 13 13 13 13 13 13 13 14 14 14 14 14 14 14 14 14 15 15 15 15 15 15 15 15 15 15 15 15 15 15 15 15 15 15 15 14 14 14 14 14 14 14
16 16 16 16 16 15 15 15 15 15 15 14 14 14 14 14 14 14 14 14 14 13 13 13 13 13 13 13 13 13 13 13 13 13 13 13 13 14 14 14 14 14 14 14 14 14 15 15 15 15 15 15 16 16 16 16 16 16 16 16 16 16 15 15 15 15 15 15 14 14 14 14 14 14 14 14 14 13 13 13 13 13 13 13 13 13 13 13 13 13 13 13 13 14 14 14 14 14 14 14 14 14 14 15 15 15 15 15 15 16 16 16 16 16 16 16 16 16 15 15 15 15 15 15 14 14 14 14 14 14
16 16 16 16 16 16 16 15 15 15 15 15 15 14 14 14 14 14 14 14 14 14 14 13 13 13 13 13 13 13 13 13 13 13 13 14 14 14 14 14 14 14 14 14 14 15 15 15 15 15 16 16 16 16 16 16 16 16 16 16 16 16 16 16 15 15 15 15 15 14 14 14 14 14 14 14 14 14 14 13 13 13 13 13 13 13 13 13 13 13 13 14 14 14 14 14 14 14 14 14 14 15 15 15 15 15 15 16 16 16 16 16 16 16 16 16 16 16 16 16 16 15 15 15 15 15 14 14 14 14
16 16 16 16 16 16 16 16 16 15 15 15 15 15 14 14 14 14 14 14 14 14 14 14 14 13 13 13 13 13 13 13 14 14 14 14 14 14 14 14 14 14 14 14 15 15 15 15 15 16 16 16 16 16 16 16 16 16 16 16 16 16 16 16 16 16 15 15 15 15 14 14 14 14 14 14 14 14 14 14 14 14 13 13 13 13 13 13 13 14 14 14 14 14 14 14 14 14 14 14 15 15 15 15 15 16 16 16 16 16 16 16 16 16 16 16 16 16 16 16 16 16 15 15 15 15 15 14 14 14
17 17 17 16 16 16 16 16 16 16 15 15 15 15 15 14 14 14 14 14 14 14 14 14 14 14 14 14 14 14 14 14 14 14 14 14 14 14 14 14 14 14 14 15 15 15 15 16 16 16 16 16 16 16 17 17 17 17 17 17 16 16 16 16 16 16 16 15 15 15 15 15 14 14 14 14 14 14 14 14 14 14 14 14 14 14 14 14 14 14 14 14 14 14 14 14 14 14 14 15 15 15 15 15 16 16 16 16 16 16 16 17 17 17 17 17 16 16 16 16 16 16 16 15 15 15 15 15 14 14
17 17 17 17 17 17 16 16 16 16 16 15 15 15 15 15 14 14 14 14 14 14 14 14 14 14 14 14 14 14 14 14 14 14 14 14 14 14 14 14 14 14 15 15 15 15 16 16 16 16 16 16 17 17 17 17 17 17 17 17 17 17 16 16 16 16 16 16 15 15 15 15 15 14 14 14 14 14 14 14 14 14 14 14 14 14 14 14 14 14 14 14 14 14 14 14 14 14 15 15 15 15 15 16 16 16 16 16 16 17 17 17 17 17 17 17 17 17 17 16 16 16 16 16 16 15 15 15 15 14
17 17 17 17 17 17 17 16 16 16 16 16 15 15 15 15 15 14 14 14 14 14 14 14 14 14 14 14 14 14 14 14 14 14 14 14 14 14 14 14 14 15 15 15 15 16 16 16 16 16 17 17 17 17 17 17 17 17 17 17 17 17 17 17 16 16 16 16 16 15 15 15 15 15 14 14 14 14 14 14 14 14 14 14 14 14 14 14 14 14 14 14 14 14 14 14 14 15 15 15 15 15 16 16 16 16 16 17 17 17 17 17 17 17 17 17 17 17 17 17 16 16 16 16 16 16 15 15 15 15
17 17 17 17 17 17 17 17 16 16 16 16 16 15 15 15 15 15 14 14 14 14 14 14 14 14 14 14 14 14 14 14 14 14 14 14 14 14 14 14 15 15 15 15 16 16 16 16 16 17 17 17 17 17 17 17 17 17 17 17 17 17 17 17 17 16 16 16 16 16 15 15 15 15 14 14 14 14 14 14 14 14 14 14 14 14 14 14 14 14 14 14 14 14 14 14 15 15 15 15 15 16 16 16 16 16 17 17 17 17 17 17 17 17 17 17 17 17 17 17 17 16 16 16 16 16 15 15 15 15
17 17 17 17 17 17 17 17 17 16 16 16 16 16 15 15 15 15 14 14 14 14 14 14 14 14 14 14 14 14 14 14 14 14 14 14 14 14 14 15 15 15 15 15 16 16 16 16 16 17 17 17 17 17 17 17 17 17 17 17 17 17 17 17 17 17 16 16 16 16 15 15 15 15 15 14 14 14 14 14 14 14 14 14 14 14 14 14 14 14 14 14 14 14 14 14 15 15 15 15 16 16 16 16 16 17 17 17 17 17 17 17 17 17 17 17 17 17 17 17 17 17 16 16 16 16 16 15 15 15
17 17 17 17 17 17 17 17 17 17 17 17 17 17 16 16 16 16 16 15 15 15 15 15 15 15 15 15 15 15 15 15 15 15 15 15 15 15 15 16 16 16 16 17 17 17 17 17 18 18 18 18 18 18 18 18 18 18 18 18 18 18 18 18 18 18 17 17 17 17 17 16 16 16 16 15 15 15 15 15 15 15 15 15 15 15 15 15 15 15 15 15 15 15 15 16 16 16 16 16 17 17 17 17 17 18 18 18 18 18 18 18 18 18 18 18 18 18 18 18 18 17 17 16 16 16 16 15 15 15
17 17 17 17 17 17 17 17 17 18 17 17 17 17 17 16 16 16 16 15 15 15 15 15 15 15 15 15 15 15 15 15 15 15 15 15 15 15 16 16 16 16 16 17 17 17 17 17 18 18 18 18 18 18 18 18 18 18 18 18 18 18 18 18 18 18 17 17 17 17 17 16 16 16 16 16 15 15 15 15 15 15 15 15 15 15 15 15 15 15 15 15 15 15 15 16 16 16 16 16 17 17 17 17 18 18 18 18 18 18 18 18 18 18 18 18 18 18 18 18 18 17 17 16 16 16 16 16 15 15
17 17 17 17 17 17 17 17 17 18 17 17 17 17 17 16 16 16 16 15 15 15 15 15 15 15 15 15 15 15 15 15 15 15 15 15 15 15 16 16 16 16 16 17 17 17 17 17 18 18 18 18 18 18 18 18 18 18 18 18 18 18 18 18 18 18 17 17 17 17 17 16 16 16 16 16 15 15 15 15 15 15 15 15 15 15 15 15 15 15 15 15 15 15 15 16 16 16 16 17 17 17 17 17 18 18 18 18 18 18 18 18 18 18 18 18 18 18 18 18 18 17 17 16 16 16 16 16 15 15
17 17 17 17 17 17 17 17 17 18 17 17 17 17 17 16 16 16 16 15 15 15 15 15 15 15 15 15 15 15 15 15 15 15 15 15 15 15 16 16 16 16 16 17 17 17 17 17 18 18 18 18 18 18 18 18 18 18 18 18 18 18 18 18 18 18 17 17 17 17 17 16 16 16 16 16 15 15 15 15 15 15 15 15 15 15 15 15 15 15 15 15 15 15 15 16 16 16 16 16 17 17 17 17 18 18 18 18 18 18 18 18 18 18 18 18 18 18 18 18 18 17 17 16 16 16 16 16 15 15
17 17 17 17 17 17 17 17 17 17 17 17 17 17 16 16 16 16 16 15 15 15 15 15 15 15 15 15 15 15 15 15 15 15 15 15 15 15 15 16 16 16 16 17 17 17 17 17 18 18 18 18 18 18 18 18 18 18 18 18 18 18 18 18 18 18 17 17 17 17 17 16 16 16 16 15 15 15 15 15 15 15 15 15 15 15 15 15 15 15 15 15 15 15 15 16 16 16 16 16 17 17 17 17 17 18 18 18 18 18 18 18 18 18 18 18 18 18 18 18 18 17 17 16 16 16 16 15 15 15
17 17 17 17 17 17 17 17 17 17 17 17 17 17 16 16 16 16 15 15 15 15 15 15 15 15 15 15 15 15 15 15 15 15 15 15 15 15 15 16 16 16 16 16 17 17 17 17 17 18 18 18 18 18 18 18 18 18 18 18 18 18 18 18 18 17 17 17 17 17 16 16 16 16 16 15 15 15 15 15 15 15 15 15 15 15 15 15 15 15 15 15 15 15 15 15 16 16 16 16 17 17 17 17 17 18 18 18 18 18 18 18 18 18 18 18 18 18 18 18 18 17 16 16 16 16 16 15 15 15
17 17 17 17 17 17 17 17 16 17 17 17 17 16 16 16 16 16 15 15 15 15 15 15 15 15 15 15 15 15 15 15 15 15 15 15 15 15 15 15 16 16 16 16 17 17 17 17 17 18 18 18 18 18 18 18 18 18 18 18 18 18 18 18 18 17 17 17 17 17 16 16 16 16 15 15 15 15 15 15 15 15 15 15 15 15 15 15 15 15 15 15 15 15 15 15 16 16 16 16 16 17 17 17 17 17 18 18 18 18 18 18 18 18 18 18 18 18 18 18 18 16 16 16 16 16 15 15 15 15
17 17 17 17 17 17 17 16 16 17 17 17 16 16 16 16 16 15 15 15 15 15 15 15 15 15 15 15 15 15 15 15 15 15 15 15 15 15 15 15 15 16 16 16 16 17 17 17 17 17 18 18 18 18 18 18 18 18 18 18 18 18 18 18 17 17 17 17 17 16 16 16 16 16 15 15 15 15 15 15 15 15 15 15 15 15 15 15 15 15 15 15 15 15 15 15 15 16 16 16 16 16 17 17 17 17 17 18 18 18 18 18 18 18 18 18 18 18 18 18 17 16 16 16 16 16 15 15 15 15
17 17 17 17 17 17 16 16 16 17 17 16 16 16 16 16 15 16 16 16 16 16 16 16 16 16 16 16 16 16 16 16 16 16 16 16 16 16 16 16 16 16 17 17 17 17 18 18 18 18 18 18 19 19 19 19 19 19 19 19 19 19 18 18 18 18 18 18 17 17 17 17 17 16 16 16 16 16 16 16 16 16 16 16 16 16 16 16 16 16 16 16 16 16 16 16 16 16 17 17 17 17 17 18 18 18 18 18 18 19 19 19 19 18 18 18 18 18 18 17 17 16 16 16 16 15 15 15 15 14
17 17 17 16 16 16 16 16 16 17 16 16 16 16 16 15 15 16 16 16 16 16 16 16 16 16 16 16 16 16 16 16 16 16 16 16 16 16 16 16 16 16 16 17 17 17 17 18 18 18 18 18 18 18 18 19 19 19 19 19 18 18 18 18 18 18 18 17 17 17 17 17 16 16 16 16 16 16 16 16 16 16 16 16 16 16 16 16 16 16 16 16 16 16 16 16 16 16 16 17 17 17 17 17 2 18 18 18 18 18 18 19 19 18 18 18 17 17 17 17 17 16 16 15 15 15 15 15 14 14
16 16 16 16 16 16 16 16 16 16 16 16 16 16 15 15 15 16 16 16 16 16 16 16 16 15 15 15 15 15 15 15 15 16 16 16 16 16 16 16 16 16 16 16 17 17 17 17 17 18 18 18 18 18 18 18 18 18 18 18 18 18 18 18 18 18 17 17 17 17 16 16 16 16 16 16 16 16 16 16 16 16 15 15 15 15 15 15 15 16 16 16 16 16 16 16 16 16 16 16 17 2 2 2 2 2 2 2 18 18 18 18 18 17 17 17 17 17 17 17 17 16 15 15 15 15 15 14 14 14
16 16 16 16 16 16 16 15 15 16 16 16 16 15 15 15 15 16 16 16 16 16 16 15 15 15 15 15 15 15 15 15 15 15 15 16 16 16 16 16 16 16 16 16 16 17 17 17 17 17 18 18 18 18 18 18 18 18 18 18 18 18 18 18 17 17 17 17 17 16 16 16 16 16 16 16 16 16 16 15 15 15 15 15 15 15 15 15 15 15 15 16 16 16 16 16 16 16 16 16 2 2 2 2 2 2 2 2 2 18 18 18 18 17 17 17 17 17 17 17 17 15 15 15 15 15 14 14 14 14
16 16 16 16 16 15 15 15 15 16 16 15 15 15 15 15 15 16 16 16 16 15 15 15 15 15 15 15 15 15 15 15 15 15 15 15 15 16 16 16 16 16 16 16 16 16 17 17 17 17 17 17 18 18 18 18 18 18 18 18 18 18 17 17 17 17 17 17 16 16 16 16 16 16 16 16 16 15 15 15 15 15 15 15 15 15 15 15 15 15 15 15 15 16 16 16 16 16 16 2 2 2 2 2 2 2 2 2 2 2 18 18 18 17 17 17 17 17 16 16 16 15 15 15 14 14 14 14 14 14
15 15 15 15 15 15 15 15 15 16 15 15 15 15 15 15 15 16 16 15 15 15 15 15 15 15 15 15 14 15 15 15 15 15 15 15 15 15 16 16 16 16 16 16 16 16 16 16 17 17 17 17 17 17 17 17 17 17 17 17 17 17 17 17 17 17 16 16 16 16 16 16 16 16 16 16 15 15 15 15 15 15 15 15 15 14 15 15 15 15 15 15 15 15 15 16 16 16 16 2 2 2 2 2 2 2 2 2 2 2 17 17 17 16 16 16 16 16 16 16 16 15 15 14 14 14 14 14 14 14
15 15 15 15 15 15 15 15 14 15 15 15 15 15 15 15 15 16 15 15 15 15 15 15 14 14 14 14 14 14 14 14 14 14 15 15 15 15 15 15 16 16 16 16 16 16 16 16 16 17 17 17 17 17 17 17 17 17 17 17 17 17 17 17 17 16 16 16 16 16 16 16 16 16 15 15 15 15 15 15 14 14 14 14 14 14 14 14 14 14 15 15 15 15 15 15 16 16 16 2 2 2 2 2 2 2 2 2 2 2 17 17 17 16 16 16 16 16 16 16 16 14 14 14 14 14 14 14 14 14
15 15 15 15 15 15 15 14 14 15 15 15 15 15 15 15 15 15 15 15 15 15 14 14 14 14 14 14 14 14 14 14 14 14 14 14 15 15 15 15 15 16 16 16 16 16 16 16 16 16 16 17 17 17 17 17 17 17 17 17 17 17 17 16 16 16 16 16 16 16 16 16 16 15 15 15 15 15 14 14 14 14 14 14 14 14 14 14 14 14 14 14 15 15 15 15 15 16 2 2 2 2 2 2 2 2 2 2 2 2 2 17 17 16 16 16 16 16 16 16 15 14 14 14 14 14 14 14 14 14
15 15 15 15 14 14 14 14 14 15 15 15 15 15 15 14 14 15 15 15 14 14 14 14 14 15 15 15 15 15 15 15 15 15 15 15 15 16 16 16 16 16 17 17 17 17 17 17 17 17 17 17 17 18 18 18 18 18 18 18 18 17 17 17 17 17 17 17 17 17 17 17 16 16 16 16 16 15 15 15 15 15 15 15 15 15 15 15 15 15 15 15 15 15 16 16 16 16 16 2 2 2 2 2 2 2 2 2 2 2 17 17 17 16 16 16 16 15 15 15 15 14 14 14 14 14 14 14 13 13
14 14 14 14 14 14 14 14 14 15 15 15 15 15 14 14 14 15 15 14 14 14 14 14 14 15 14 14 14 14 14 15 15 15 15 15 15 15 15 16 16 16 16 17 17 17 17 17 17 17 17 17 17 17 17 17 17 17 17 17 17 17 17 17 17 17 17 17 17 17 17 16 16 16 16 15 15 15 15 15 15 15 15 14 14 14 14 14 15 15 15 15 15 15 15 16 16 16 16 2 2 2 2 2 2 2 2 2 2 2 16 16 16 15 15 15 15 15 15 15 15 14 14 14 14 14 14 13 13 13
14 14 14 14 14 14 14 14 14 15 15 15 15 14 14 14 14 15 14 14 14 14 14 14 13 14 14 14 14 14 14 14 14 14 15 15 15 15 15 15 16 16 16 16 17 17 17 17 17 17 17 17 17 17 17 17 17 17 17 17 17 17 17 17 17 17 17 17 17 17 16 16 16 16 15 15 15 15 15 15 14 14 14 14 14 14 14 14 14 14 15 15 15 15 15 15 16 16 16 2 2 2 2 2 2 2 2 2 2 2 16 16 16 15 15 15 15 15 15 15 15 14 14 14 14 14 13 13 13 13
14 14 14 14 14 14 14 14 14 15 15 15 14 14 14 14 14 14 14 14 14 14 13 13 13 14 14 14 14 14 14 14 14 14 14 15 15 15 15 15 15 16 16 16 16 17 17 17 17 17 17 17 17 17 17 17 17 17 17 17 17 17 17 17 17 17 17 17 17 16 16 16 16 15 15 15 15 15 15 14 14 14 14 14 14 14 14 14 14 14 14 14 15 15 15 15 15 16 16 16 2 2 2 2 2 2 2 2 2 16 16 16 16 15 15 15 15 15 15 15 15 14 14 14 14 13 13 13 13 13
14 14 14 14 14 14 14 14 14 15 15 14 14 14 14 14 13 14 14 14 14 13 13 13 13 14 14 14 14 14 14 14 14 14 14 14 15 15 15 15 15 16 16 16 16 16 17 17 17 17 17 17 17 17 17 17 17 17 17 17 17 17 17 17 17 17 17 17 16 16 16 16 16 15 15 15 15 15 14 14 14 14 14 14 14 14 14 14 14 14 14 14 14 15 15 15 15 15 16 16 16 2 2 2 2 2 2 2 16 16 16 16 16 15 15 15 15 15 15 15 15 14 14 14 14 13 13 13 13 12
14 14 14 14 14 14 14 14 14 15 15 14 14 14 14 13 13 14 14 14 13 13 13 13 13 14 14 14 14 14 14 14 14 14 14 14 14 15 15 15 15 15 16 16 16 16 16 17 17 17 17 17 17 17 17 17 17 17 17 17 17 17 17 17 17 17 17 16 16 16 16 16 15 15 15 15 15 14 14 14 14 14 14 14 14 14 14 14 14 14 14 14 14 14 15 15 15 15 15 16 16 16 16 17 2 16 16 16 16 16 16 16 16 15 15 15 15 15 15 15 15 14 14 14 13 13 13 13 13 12
14 14 14 14 14 14 14 14 14 15 14 14 14 14 14 13 13 14 14 14 13 13 13 13 13 14 14 14 14 14 14 14 14 14 14 14 14 14 15 15 15 15 15 16 16 16 16 17 17 17 17 17 17 17 17 17 17 17 17 17 17 17 17 17 17 17 17 16 16 16 16 16 15 15 15 15 14 14 14 14 14 14 14 14 14 14 14 14 14 14 14 14 14 14 15 15 15 15 15 16 16 16 16 16 17 16 16 16 16 16 16 16 16 15 15 15 15 15 15 15 15 14 14 13 13 13 13 13 12 12
14 14 14 14 14 14 14 14 14 15 14 14 14 14 14 13 13 14 14 13 13 13 13 13 13 14 14 14 14 14 14 14 14 14 14 14 14 14 15 15 15 15 15 16 16 16 16 16 17 17 17 17 17 17 17 17 17 17 17 17 17 17 17 17 17 17 17 16 16 16 16 15 15 15 15 15 14 14 14 14 14 14 14 14 14 14 14 14 14 14 14 14 14 14 14 15 15 15 15 16 16 16 16 16 17 16 16 16 16 16 16 16 16 15 15 15 15 15 15 15 15 14 14 13 13 13 13 13 12 12
14 14 14 14 14 14 14 14 14 15 14 14 14 14 14 13 13 14 14 13 13 13 13 13 13 14 14 14 14 14 14 14 14 14 14 14 14 14 15 15 15 15 15 16 16 16 16 16 17 17 17 17 17 17 17 17 17 17 17 17 17 17 17 17 17 17 16 16 16 16 16 15 15 15 15 15 14 14 14 14 14 14 14 14 14 14 14 14 14 14 14 14 14 14 14 15 15 15 15 16 16 16 16 16 17 16 16 16 16 16 16 16 16 15 15 15 15 15 15 15 15 14 14 13 13 13 13 13 12 12
14 14 14 14 14 14 14 14 14 15 14 14 14 14 14 13 13 14 14 13 13 13 13 13 13 14 14 14 14 14 14 14 14 14 15 15 15 15 16 16 16 16 16 17 17 17 17 17 18 18 18 18 18 18 18 18 18 18 18 18 18 18 18 18 18 18 18 17 17 17 17 16 16 16 16 16 15 15 15 15 15 15 15 15 15 15 15 15 15 15 15 15 15 15 15 16 15 15 15 16 16 16 16 16 17 16 16 16 16 16 16 16 16 15 15 15 15 15 15 15 15 14 14 13 13 13 13 13 12 12
14 14 14 14 14 14 14 14 14 15 14 14 14 14 14 13 13 14 14 14 13 13 13 13 13 14 14 14 14 14 14 14 14 14 15 15 15 15 16 16 16 16 16 17 17 17 17 18 18 18 18 18 18 18 18 18 18 18 18 18 18 18 18 18 18 18 18 17 17 17 17 17 16 16 16 16 15 15 15 15 15 15 15 15 15 15 15 15 15 15 15 15 15 15 16 16 15 15 15 16 16 16 16 16 17 16 16 16 16 16 16 16 16 15 15 15 15 15 15 15 15 14 14 13 13 13 13 13 12 12
14 14 14 14 14 14 14 14 14 15 15 14 14 14 14 13 13 14 14 14 13 13 13 13 13 14 14 14 14 14 14 14 14 14 15 15 15 16 16 16 16 16 17 17 17 17 17 18 18 18 18 18 18 18 18 18 18 18 18 18 6 6 6 6 6 6 6 6 6 6 6 17 16 16 16 16 16 15 15 15 15 15 15 15 15 15 15 15 15 15 15 15 15 15 16 16 15 15 15 16 16 16 16 17 17 16 16 16 16 16 16 16 16 15 15 15 15 15 15 15 15 14 14 14 13 13 13 13 13 12
14 14 14 14 14 14 14 14 14 15 15 15 14 14 14 14 13 14 14 14 14 13 13 13 13 14 14 14 14 14 14 14 14 14 15 15 16 16 16 16 16 17 17 17 17 17 18 18 18 18 18 18 18 18 18 18 6 6 6 6 6 6 6 6 6 6 6 6 6 6 6 6 6 6 6 16 16 16 15 15 15 15 15 15 15 15 15 15 15 15 15 15 15 16 16 16 15 15 16 16 16 16 16 17 17 16 16 16 16 16 16 16 16 15 15 15 15 15 15 15 15 14 14 14 14 13 13 13 13 12
14 14 14 14 14 14 14 14 14 15 15 15 14 14 14 14 14 14 14 14 14 14 13 13 13 14 14 14 14 14 14 14 14 14 15 16 16 16 16 16 16 17 17 17 17 18 18 18 18 18 18 18 18 18 6 6 6 6 6 6 6 6 6 6 6 6 6 6 6 6 6 6 6 6 6 6 6 16 16 15 15 15 15 15 15 15 15 15 15 15 15 15 16 16 16 16 15 16 16 16 16 16 17 17 17 16 16 16 16 16 16 16 16 15 15 15 15 15 15 15 15 14 14 14 14 13 13 13 13 13
14 14 14 14 14 14 14 14 14 15 15 15 15 14 14 14 14 15 14 14 14 14 14 14 13 14 14 14 14 14 14 14 14 14 16 16 16 16 16 16 17 17 17 17 18 18 18 18 18 18 18 18 6 6 6 6 6 6 6 6 18 18 18 18 18 18 18 18 18 18 17 6 6 6 6 6 6 6 6 16 15 15 15 15 15 15 15 15 15 15 16 16 16 16 16 16 16 16 16 16 16 17 17 17 17 16 16 16 16 16 16 16 16 15 15 15 15 15 15 15 15 14 14 14 14 14 13 13 13 13
14 14 14 14 14 14 14 14 14 15 15 15 15 15 14 14 14 15 15 14 14 14 14 14 14 15 14 14 14 14 14 15 15 15 16 16 16 16 16 17 17 17 17 18 18 18 18 18 18 18 6 6 6 6 6 6 6 18 18 18 18 18 18 18 18 18 18 18 18 18 18 17 17 17 6 6 6 6 6 6 6 16 16 15 15 15 15 15 16 16 16 16 16 16 16 17 16 16 16 16 17 17 17 17 17 16 16 16 16 16 16 16 16 15 15 15 15 15 15 15 15 14 14 14 14 14 14 13 13 13
15 15 15 15 14 14 14 14 14 15 15 15 15 15 15 14 14 15 15 15 14 14 14 14 14 15 15 15 15 15 15 15 15 15 16 16 16 17 17 17 17 17 18 18 18 18 18 18 6 6 6 6 6 6 19 19 19 19 19 19 19 18 18 18 18 18 18 18 18 18 18 18 17 17 17 17 17 6 6 6 6 6 6 16 16 16 16 16 16 16 16 16 16 16 17 17 16 16 16 17 17 17 17 17 17 16 16 16 16 16 17 17 17 16 16 16 16 15 15 15 15 14 14 14 14 14 14 14 14 13
15 15 15 15 15 15 15 14 14 15 15 15 15 15 15 15 15 15 15 15 15 15 14 14 14 15 15 15 15 15 15 15 15 15 16 16 17 17 17 17 17 18 19 19 19 19 19 6 6 6 6 6 20 20 20 20 20 20 20 20 20 20 20 19 19 19 19 19 19 19 19 19 19 18 18 18 18 18 17 6 6 6 6 6 17 17 17 17 16 16 16 16 17 17 17 17 16 17 17 17 17 17 17 17 17 16 16 16 17 17 17 17 17 16 16 16 16 16 16 16 15 14 14 14 14 14 14 14 14 14
15 15 15 15 15 15 15 15 14 15 15 15 15 15 15 15 15 16 15 15 15 15 15 15 14 15 15 15 15 15 15 15 15 15 17 17 17 17 17 17 18 18 19 19 19 19 6 6 6 6 6 20 20 20 20 20 20 20 20 20 20 20 20 20 20 19 19 19 19 19 19 19 19 19 19 18 18 18 18 18 6 6 6 6 6 17 17 17 16 16 17 17 17 17 17 17 17 17 17 17 17 17 17 17 17 16 17 17 17 17 17 17 17 16 16 16 16 16 16 16 16 14 14 14 14 14 14 14 14 14
16 15 15 15 15 15 15 15 15 16 15 15 15 15 15 15 15 16 16 15 15 15 15 15 15 16 16 16 16 16 16 16 16 16 17 17 17 17 18 18 18 18 19 19 19 6 6 6 6 20 20 20 20 20 20 20 21 21 20 20 20 20 20 20 20 20 19 19 19 19 19 19 19 19 19 19 18 18 18 18 18 18 6 6 6 6 18 18 17 17 17 17 17 17 17 18 17 17 17 17 17 17 17 17 18 17 17 17 17 17 17 17 17 17 16 16 16 16 16 16 16 15 15 14 14 14 14 14 14 14
16 16 16 16 16 15 15 15 15 16 16 15 15 15 15 15 15 16 16 16 16 15 15 15 15 16 16 16 16 16 16 16 16 16 17 17 17 18 18 18 18 18 19 19 6 6 6 6 20 20 20 20 21 21 21 21 21 21 21 21 21 21 20 20 20 20 20 20 19 19 19 19 19 19 19 19 19 18 18 18 18 18 18 6 6 6 6 18 17 17 17 17 17 18 18 18 17 17 17 17 17 17 17 18 18 17 17 17 17 18 18 18 18 17 17 17 17 17 17 16 16 15 15 15 14 14 14 14 14 14
16 16 16 16 16 16 16 15 15 16 16 16 16 15 15 15 15 16 16 16 16 16 16 15 15 16 16 16 16 16 16 16 16 16 17 18 18 18 18 18 18 18 19 6 6 6 6 20 20 20 21 21 21 21 21 21 21 21 21 21 21 21 21 21 20 20 20 20 20 19 19 19 19 19 19 19 19 19 19 18 18 18 18 18 6 6 6 6 17 17 17 18 18 18 18 18 17 17 17 17 17 18 18 18 18 17 17 18 18 18 18 18 18 17 17 17 17 17 17 17 17 15 15 15 15 15 14 14 14 14
16 16 16 16 16 16 16 16 16 16 16 16 16 16 15 15 15 16 16 16 16 16 16 16 16 16 16 16 16 16 16 16 17 17 18 18 18 18 18 18 18 18 6 6 6 6 20 20 20 21 21 21 21 21 21 21 21 21 21 21 21 21 21 21 21 21 20 20 20 20 19 19 19 19 19 19 19 19 19 19 19 19 18 18 18 6 6 6 6 18 18 18 18 18 18 18 17 17 17 17 18 18 18 18 18 18 18 18 18 18 18 18 18 17 17 17 17 17 17 17 17 16 15 15 15 15 15 14 14 14
17 17 17 16 16 16 16 16 16 17 16 16 16 16 16 15 15 16 16 16 16 16 16 16 16 17 17 17 17 17 17 17 17 17 18 18 18 18 18 18 18 6 6 6 6 20 20 21 21 21 21 21 21 21 22 22 22 22 22 22 21 21 21 21 21 21 21 20 20 20 20 20 19 19 19 19 19 19 19 19 19 19 19 19 19 19 6 6 6 6 18 18 18 18 18 18 17 17 17 18 18 18 18 18 19 18 18 18 18 18 18 19 19 18 18 18 17 17 17 17 17 16 16 15 15 15 15 15 14 14
17 17 17 17 17 17 16 16 16 17 17 16 16 16 16 16 15 16 16 16 16 16 16 16 16 17 17 17 17 17 17 17 17 17 18 18 18 18 18 18 18 6 6 6 20 20 21 21 21 21 21 21 22 22 22 22 22 22 22 22 22 22 21 21 21 21 21 21 20 20 20 20 20 19 19 19 19 19 19 19 19 19 19 19 19 19 19 6 6 6 18 18 18 18 18 18 17 17 18 18 18 18 18 19 19 18 18 18 19 19 19 19 19 18 18 18 18 18 18 17 17 16 16 16 16 15 15 15 15 14
17 17 17 17 17 17 17 16 16 17 17 17 16 16 16 16 16 16 16 16 16 16 16 16 16 17 17 17 17 17 17 17 17 17 18 18 18 18 18 18 6 6 6 6 20 21 21 21 21 21 23 23 23 23 23 23 23 23 23 23 23 23 23 23 22 22 22 22 22 21 21 21 21 21 20 20 20 20 20 20 19 19 19 19 19 19 19 6 6 6 6 18 18 18 18 18 17 18 18 18 18 18 19 19 19 18 18 19 19 19 19 19 19 18 18 18 18 18 18 18 17 16 16 16 16 16 15 15 15 15
17 17 17 17 17 17 17 17 16 17 17 17 17 16 16 16 16 17 16 16 16 16 16 16 16 17 17 17 17 17 17 17 17 17 18 18 18 18 18 18 6 6 6 20 21 21 21 21 21 22 23 23 23 23 23 23 23 23 23 23 23 23 23 23 23 22 22 22 22 22 21 21 21 21 20 20 20 20 20 20 19 19 19 19 19 19 19 19 6 6 6 18 18 18 18 18 18 18 18 18 18 19 19 19 19 18 19 19 19 19 19 19 19 18 18 18 18 18 18 18 18 16 16 16 16 16 15 15 15 15
17 17 17 17 17 17 17 17 17 17 17 17 17 17 16 16 16 17 16 16 16 16 16 16 16 17 17 17 17 17 17 17 17 17 18 18 18 18 18 6 6 6 20 20 21 21 21 21 21 22 23 23 23 23 23 23 23 23 23 23 23 23 23 23 23 23 22 22 22 22 21 21 21 21 21 20 20 20 20 20 19 19 19 19 19 19 19 19 18 6 6 6 18 18 18 18 18 18 18 18 19 19 19 19 19 19 19 19 19 19 19 19 19 18 18 18 18 18 18 18 18 17 16 16 16 16 16 15 15 15
17 17 17 17 17 17 17 17 17 18 17 17 17 17 16 16 16 17 17 16 16 16 16 16 16 17 17 17 17 17 17 17 17 17 18 18 18 18 18 6 6 6 20 21 21 21 21 21 22 22 23 23 23 23 23 23 23 23 23 23 23 23 23 23 23 23 22 22 22 22 22 21 21 21 21 20 20 20 20 20 19 19 19 19 19 19 19 19 18 6 6 6 18 18 18 19 18 18 18 18 19 19 19 19 19 19 19 19 19 19 19 19 19 18 18 18 18 18 18 18 18 17 17 16 16 16 16 15 15 15
17 17 17 17 17 17 17 17 17 18 17 17 17 17 17 16 16 17 17 16 16 16 16 16 16 17 17 17 17 17 17 17 17 17 18 18 18 18 6 6 6 19 20 21 21 21 21 21 22 22 23 23 23 23 23 23 23 23 23 23 23 23 23 23 23 23 22 22 22 22 22 21 21 21 21 21 20 20 20 20 19 19 19 19 19 19 19 19 18 18 6 6 6 18 18 19 18 18 18 18 19 19 19 19 20 19 19 19 19 19 19 19 19 18 18 18 18 18 18 18 18 17 17 16 16 16 16 16 15 15
17 17 17 17 17 17 17 17 17 18 17 17 17 17 17 16 16 17 17 16 16 16 16 16 16 17 17 17 17 17 17 17 17 17 18 18 18 18 6 6 6 19 20 21 21 21 21 21 22 22 23 23 23 23 23 23 23 23 23 23 23 23 23 23 23 23 22 22 22 22 22 21 21 21 21 21 20 20 20 20 19 19 19 19 19 19 19 19 18 18 6 6 6 18 18 19 18 18 18 19 19 19 19 19 20 19 19 19 19 19 19 19 19 18 18 18 18 18 18 18 18 17 17 16 16 16 16 16 15 15
17 17 17 17 17 17 17 17 17 18 17 17 17 17 17 16 16 17 17 16 16 16 16 16 16 17 17 17 17 17 17 17 17 17 18 18 18 6 6 6 6 19 20 21 21 21 21 21 22 22 23 23 23 23 23 23 23 23 23 23 23 23 23 23 23 23 22 22 22 22 22 21 21 21 21 21 20 20 20 20 19 19 19 19 19 19 19 19 18 18 6 6 6 6 18 19 18 18 18 18 19 19 19 19 20 19 19 19 19 19 19 19 19 18 18 18 18 18 18 18 18 17 17 16 16 16 16 16 15 15
17 17 17 17 17 17 17 17 17 17 17 17 17 17 16 16 16 17 17 16 16 16 16 16 16 17 17 17 17 17 17 17 17 17 18 18 18 6 6 6 19 19 20 21 21 21 21 21 22 22 23 23 23 23 23 23 23 23 23 23 23 23 23 23 23 3 22 22 22 22 22 21 21 21 21 20 20 20 20 20 19 19 19 19 19 19 19 19 18 18 18 6 6 6 18 19 18 18 18 18 19 19 19 19 19 19 19 19 19 19 19 19 19 18 18 18 18 18 18 18 18 17 17 16 16 16 16 15 15 15
17 17 17 17 17 17 17 17 17 17 17 17 17 17 16 16 16 17 16 16 16 16 16 16 16 17 17 17 17 17 17 17 17 17 18 18 18 6 6 6 19 19 20 20 21 21 21 21 21 22 23 23 23 23 23 23 23 23 23 23 23 23 3 3 3 3 3 3 3 22 21 21 21 21 21 20 20 20 20 20 19 19 19 19 19 19 19 19 18 18 18 6 6 6 18 18 18 18 18 18 19 19 19 19 19 19 19 19 19 19 19 19 19 18 18 18 18 18 18 18 18 17 16 16 16 16 16 15 15 15
17 17 17 17 17 17 17 17 16 17 17 17 17 16 16 16 16 17 16 16 16 16 16 16 16 17 17 17 17 17 17 17 17 17 18 18 18 6 6 6 19 19 20 20 21 21 21 21 21 22 23 23 23 23 23 23 23 23 23 24 3 3 3 3 3 3 3 3 3 3 3 21 21 21 20 20 20 20 20 20 19 19 19 19 19 19 19 19 18 18 18 6 6 6 18 18 18 18 18 18 18 19 19 19 19 18 19 19 19 19 19 19 19 18 18 18 18 18 18 18 18 16 16 16 16 16 15 15 15 15
17 17 17 17 17 17 17 16 16 17 17 17 16 16 16 16 16 16 16 16 16 16 16 16 16 17 17 17 17 17 17 17 17 17 18 18 6 6 6 18 18 19 20 20 20 21 21 21 21 21 23 23 23 23 23 23 23 23 23 3 3 3 3 3 3 3 3 3 3 3 3 3 21 20 20 20 20 20 20 20 19 19 19 19 19 19 19 19 18 18 18 18 6 6 6 18 17 18 18 18 18 18 19 19 19 18 18 19 19 19 19 19 19 18 18 18 18 18 18 18 17 16 16 16 16 15 15 15 15 15
17 17 17 17 17 17 16 16 16 17 17 16 16 16 16 16 15 16 16 16 16 16 16 16 16 17 17 17 17 17 17 17 17 17 18 18 6 6 6 18 18 18 20 20 20 20 21 21 21 21 22 22 23 23 23 23 23 23 23 3 3 3 3 3 3 3 3 3 3 3 3 3 21 20 20 20 20 20 20 20 19 19 19 19 19 19 19 19 18 18 18 18 6 6 6 18 17 17 18 18 18 18 18 19 19 18 18 18 18 19 19 19 19 18 18 18 18 18 18 17 17 16 16 16 16 15 15 15 15 14
17 17 17 16 16 16 16 16 16 17 16 16 16 16 16 15 15 16 16 16 16 16 16 16 16 17 17 17 17 17 6 6 6 6 6 6 6 6 6 6 18 18 19 20 20 20 20 21 21 21 22 22 22 22 22 23 23 23 3 3 3 3 3 3 3 3 3 3 3 3 3 3 3 20 20 20 20 20 20 20 19 19 19 19 19 19 19 19 18 18 18 18 6 6 6 18 17 17 17 18 18 18 18 18 19 18 18 18 18 18 18 19 19 18 18 18 17 17 17 17 17 16 16 15 15 15 15 15 14 14
16 16 16 16 16 16 16 16 16 16 16 16 16 16 15 15 15 16 16 16 16 16 16 16 16 16 16 6 6 6 6 6 6 6 6 6 6 6 6 6 18 18 19 19 20 20 20 20 20 21 22 22 22 22 22 22 22 22 3 3 3 3 3 3 3 3 3 3 3 3 3 3 3 20 20 20 20 20 20 20 19 19 18 18 18 18 18 18 17 18 18 18 6 6 6 18 17 17 17 17 18 18 18 18 18 18 18 18 18 18 18 18 18 17 17 17 17 17 17 17 17 16 15 15 15 15 15 14 14 14
6 6 6 6 16 16 16 15 15 16 16 16 16 15 15 15 15 16 16 16 16 16 6 6 6 6 6 6 6 6 6 6 6 6 6 6 6 6 6 6 18 18 19 19 19 20 20 20 20 20 22 22 22 22 22 22 22 22 3 3 3 3 3 3 3 3 3 3 3 3 3 3 3 20 20 20 20 20 20 19 18 18 18 18 18 18 18 18 17 17 17 18 6 6 6 18 17 17 17 17 17 18 18 18 18 17 17 18 18 18 18 18 18 17 17 17 17 17 17 17 16 15 15 15 15 15 14 14 14 14
6 6 6 6 6 6 6 15 15 16 16 15 15 15 15 15 15 16 16 6 6 6 6 6 6 6 6 6 6 6 6 6 16 16 17 17 6 6 6 18 18 18 19 19 19 19 20 20 20 20 21 21 22 22 22 22 22 3 3 3 3 3 3 3 3 3 3 3 3 3 3 3 3 3 20 20 20 19 19 19 18 18 18 18 18 18 18 18 17 17 17 17 6 6 6 18 17 17 17 17 17 17 17 18 18 17 17 17 17 18 18 18 18 17 17 17 17 17 16 16 16 15 15 15 14 14 14 14 14 14
6 6 6 6 6 6 6 6 6 6 6 6 6 6 6 6 6 6 6 6 6 6 6 6 6 6 6 6 6 15 16 16 16 16 17 17 6 6 6 18 18 18 19 19 19 19 19 19 20 20 21 21 21 21 21 21 21 21 3 3 3 3 3 3 3 3 3 3 3 3 3 3 3 20 20 20 19 19 19 19 18 18 18 18 18 17 18 18 17 17 17 17 6 6 6 18 17 17 17 17 17 17 17 17 18 17 17 17 17 17 17 17 17 16 16 16 16 16 16 16 16 15 15 14 14 14 14 14 14 14
15 15 6 6 6 6 6 6 6 6 6 6 6 6 6 6 6 6 6 6 6 6 6 6 14 15 15 15 15 15 15 15 15 15 17 17 6 6 6 17 18 18 19 19 19 19 19 19 19 20 21 21 21 21 21 21 21 21 3 3 3 3 3 3 3 3 3 3 3 3 3 3 3 20 19 19 19 19 19 19 17 17 17 17 17 17 17 17 16 16 17 17 6 6 6 17 17 17 17 17 17 17 17 17 17 16 17 17 17 17 17 17 17 16 16 16 16 16 16 16 16 14 14 14 14 14 14 14 14 14
15 15 15 15 15 6 6 6 6 6 6 6 6 6 6 6 6 6 6 6 6 15 14 14 14 15 15 15 15 15 15 15 15 15 16 16 6 6 6 17 17 18 19 19 19 19 19 19 19 19 20 21 21 21 21 21 21 21 3 3 3 3 3 3 3 3 3 3 3 3 3 3 3 19 19 19 19 19 18 18 17 17 17 17 17 17 17 17 16 16 16 16 6 6 6 17 16 16 17 17 17 17 17 17 17 16 16 16 17 17 17 17 17 16 16 16 16 16 16 16 15 14 14 14 14 14 14 14 14 14
15 15 15 15 14 14 14 14 14 15 15 15 15 15 15 14 14 15 15 15 14 14 14 14 14 15 15 15 15 15 15 15 15 15 16 16 6 6 6 17 17 17 19 19 19 19 19 19 19 19 20 20 20 21 21 21 21 21 21 3 3 3 3 3 3 3 3 3 3 3 3 3 19 19 19 19 19 18 18 18 17 17 17 17 17 17 17 17 16 16 16 16 6 6 6 17 16 16 16 17 17 17 17 17 17 16 16 16 16 16 17 17 17 16 16 16 16 15 15 15 15 14 14 14 14 14 14 14 13 13
14 14 14 14 14 14 14 14 14 15 15 15 15 15 14 14 14 15 15 14 14 14 14 14 14 15 14 14 14 14 14 15 15 15 16 16 6 6 6 17 17 17 18 19 19 19 19 19 19 19 20 20 20 20 20 20 20 20 20 3 3 3 3 3 3 3 3 3 3 3 3 3 19 19 19 18 18 18 18 18 17 17 17 16 16 16 16 16 16 16 16 16 6 6 6 17 16 16 16 16 17 17 17 17 17 16 16 16 16 16 16 16 16 15 15 15 15 15 15 15 15 14 14 14 14 14 14 13 13 13
14 14 14 14 14 14 14 14 14 15 15 15 15 14 14 14 14 15 14 14 14 14 14 14 13 14 14 14 14 14 14 14 14 14 16 16 16 6 6 6 17 17 18 18 19 19 19 19 19 19 20 20 20 20 20 20 20 20 20 20 3 3 3 3 3 3 3 3 3 3 3 19 19 19 18 18 18 18 18 18 16 16 16 16 16 16 16 16 15 15 16 6 6 6 16 16 16 16 16 16 16 17 17 17 17 16 16 16 16 16 16 16 16 15 15 15 15 15 15 15 15 14 14 14 14 14 13 13 13 13
14 14 14 14 14 14 14 14 14 15 15 15 14 14 14 14 14 14 14 14 14 14 13 13 13 14 14 14 14 14 14 14 14 14 15 16 16 6 6 6 16 17 18 18 18 19 19 19 19 19 20 20 20 20 20 20 20 20 20 20 20 20 3 3 3 3 3 3 3 19 19 19 19 18 18 18 18 18 18 17 16 16 16 16 16 16 16 16 15 15 15 6 6 6 16 16 15 16 16 16 16 16 17 17 17 16 16 16 16 16 16 16 16 15 15 15 15 15 15 15 15 14 14 14 14 13 13 13 13 13
14 14 14 14 14 14 14 14 14 15 15 14 14 14 14 14 13 14 14 14 14 13 13 13 13 14 14 14 14 14 14 14 14 14 15 15 16 6 6 6 16 17 18 18 18 18 19 19 19 19 20 20 20 20 20 20 20 20 20 20 20 20 20 20 20 3 20 20 19 19 19 19 19 18 18 18 18 18 17 17 16 16 16 16 16 16 16 16 15 15 15 6 6 6 16 16 15 15 16 16 16 16 16 17 17 16 16 16 16 16 16 16 16 15 15 15 15 15 15 15 15 14 14 14 14 13 13 13 13 12
14 14 14 14 14 14 14 14 14 15 15 14 14 14 14 13 13 14 14 14 13 13 13 13 13 14 14 14 14 14 14 14 14 14 15 15 15 6 6 6 6 16 18 18 18 18 18 19 19 19 20 20 20 20 20 20 20 20 20 20 20 20 20 20 20 20 20 19 19 19 19 19 18 18 18 18 18 17 17 17 16 16 16 16 16 16 16 16 15 15 6 6 6 6 16 16 15 15 15 16 16 16 16 17 17 16 16 16 16 16 16 16 16 15 15 15 15 15 15 15 15 14 14 14 13 13 13 13 13 12
14 14 14 14 14 14 14 14 14 15 14 14 14 14 14 13 13 14 14 14 13 13 13 13 13 14 14 14 14 14 14 14 14 14 15 15 15 15 6 6 6 16 17 18 18 18 18 19 19 19 20 20 20 20 20 20 20 20 20 20 20 20 20 20 20 20 20 19 19 19 19 19 18 18 18 18 17 17 17 17 16 16 16 16 16 16 16 16 15 15 6 6 6 15 16 16 15 15 15 16 16 16 16 16 17 16 16 16 16 16 16 16 16 15 15 15 15 15 15 15 15 14 14 13 13 13 13 13 12 12
14 14 14 14 14 14 14 14 14 15 14 14 14 14 14 13 13 14 14 13 13 13 13 13 13 14 14 14 14 14 14 14 14 14 15 15 15 15 6 6 6 16 17 18 18 18 18 18 19 19 20 20 20 20 20 20 20 20 20 20 20 20 20 20 20 20 20 19 19 19 19 18 18 18 18 18 17 17 17 17 16 16 16 16 16 16 16 16 15 15 6 6 6 15 15 16 15 15 15 16 16 16 16 16 17 16 16 16 16 16 16 16 16 15 15 15 15 15 15 15 15 14 14 13 13 13 13 13 12 12
14 14 14 14 14 14 14 14 14 15 14 14 14 14 14 13 13 14 14 13 13 13 13 13 13 14 14 14 14 14 14 14 14 14 15 15 15 15 16 6 6 6 17 18 18 18 18 18 19 19 20 20 20 20 20 20 20 20 20 20 20 20 20 20 20 20 19 19 19 19 19 18 18 18 18 18 17 17 17 17 16 16 16 16 16 16 16 16 15 6 6 6 15 15 15 16 15 15 15 16 16 16 16 16 17 16 16 16 16 16 16 16 16 15 15 15 15 15 15 15 15 14 14 13 13 13 13 13 12 12
14 14 14 14 14 14 14 14 14 15 14 14 14 14 14 13 13 14 14 13 13 13 13 13 13 14 14 14 14 14 14 14 14 14 15 15 15 15 16 6 6 6 17 18 18 18 18 18 19 19 20 20 20 20 20 20 20 20 20 20 20 20 20 20 20 20 20 19 19 19 19 18 18 18 18 18 17 17 17 17 16 16 16 16 16 16 16 16 15 6 6 6 15 15 15 16 15 15 15 16 16 16 16 16 17 16 16 16 16 16 16 16 16 15 15 15 15 15 15 15 15 14 14 13 13 13 13 13 12 12
14 14 14 14 14 14 14 14 14 15 14 14 14 14 14 13 13 14 14 14 13 13 13 13 13 14 14 14 14 14 14 14 14 14 15 15 15 15 16 16 6 6 6 18 18 18 18 19 19 19 20 20 20 20 20 20 20 20 20 20 20 20 20 20 20 20 20 19 19 19 19 19 18 18 18 18 17 17 17 17 16 16 16 16 16 16 16 16 6 6 6 15 15 15 16 16 15 15 15 16 16 16 16 16 17 16 16 16 16 16 16 16 16 15 15 15 15 15 15 15 15 14 14 13 13 13 13 13 12 12
14 14 14 14 14 14 14 14 14 15 15 14 14 14 14 13 13 14 14 14 13 13 13 13 13 14 14 14 14 14 14 14 14 14 15 15 15 16 16 16 6 6 6 6 18 18 18 19 19 19 19 19 19 19 19 19 19 19 19 19 19 19 19 19 19 19 19 18 18 18 18 18 17 17 17 17 17 16 16 16 16 16 16 16 16 16 16 6 6 6 6 15 15 15 16 16 15 15 15 16 16 16 16 17 17 16 16 16 16 16 16 16 16 15 15 15 15 15 15 15 15 14 14 14 13 13 13 13 13 12
14 14 14 14 14 14 14 14 14 15 15 15 14 14 14 14 13 14 14 14 14 13 13 13 13 14 14 14 14 14 14 14 14 14 15 15 16 16 16 16 16 6 6 6 18 18 19 19 19 19 19 19 19 19 19 19 19 19 19 19 19 19 19 19 19 19 19 19 18 18 18 18 18 17 17 17 17 17 16 16 16 16 16 16 16 16 16 6 6 6 15 15 15 16 16 16 15 15 16 16 16 16 16 17 17 16 16 16 16 16 16 16 16 15 15 15 15 15 15 15 15 14 14 14 14 13 13 13 13 12
14 14 14 14 14 14 14 14 14 15 15 15 14 14 14 14 14 14 14 14 14 14 13 13 13 14 14 14 14 14 14 14 14 14 15 16 16 16 16 16 16 6 6 6 6 19 19 19 19 19 19 19 19 19 19 19 19 19 19 19 19 19 19 19 19 19 19 19 19 18 18 18 18 17 17 17 17 17 17 16 16 16 16 16 16 16 6 6 6 6 15 15 16 16 16 16 15 16 16 16 16 16 17 17 17 16 16 16 16 16 16 16 16 15 15 15 15 15 15 15 15 14 14 14 14 13 13 13 13 13
14 14 14 14 14 14 14 14 14 15 15 15 15 14 14 14 14 15 14 14 14 14 14 14 13 14 14 14 14 14 14 14 14 14 16 16 16 16 16 16 17 17 6 6 6 6 19 19 19 19 19 19 19 19 19 19 19 19 19 19 19 19 19 19 19 19 19 19 19 19 18 18 18 18 17 17 17 17 17 17 16 16 16 16 16 6 6 6 6 15 16 16 16 16 16 16 16 16 16 16 16 17 17 17 17 16 16 16 16 16 16 16 16 15 15 15 15 15 15 15 15 14 14 14 14 14 13 13 13 13
14 14 14 14 14 14 14 14 14 15 15 15 15 15 14 14 14 15 15 14 14 14 14 14 14 15 14 14 14 14 14 15 15 15 16 16 16 16 16 17 17 17 18 6 6 6 6 19 19 19 19 19 19 19 19 19 19 19 19 19 19 19 19 19 19 19 19 19 19 19 19 18 18 18 18 18 17 17 17 17 17 17 17 16 6 6 6 6 16 16 16 16 16 16 16 17 16 16 16 16 17 17 17 17 17 16 16 16 16 16 16 16 16 15 15 15 15 15 15 15 15 14 14 14 14 14 14 13 13 13
15 15 15 15 14 14 14 14 14 15 15 15 15 15 15 14 14 15 15 15 14 14 14 14 14 15 15 15 15 15 15 15 15 15 16 16 16 17 17 17 17 17 19 19 6 6 6 6 19 19 19 19 19 20 20 20 20 20 20 20 20 19 19 19 19 19 19 19 19 19 19 19 18 18 18 18 18 17 17 17 17 17 17 6 6 6 6 17 16 16 16 16 16 16 17 17 16 16 16 17 17 17 17 17 17 16 16 16 16 16 17 17 17 16 16 16 16 15 15 15 15 14 14 14 14 14 14 14 14 13
15 15 15 15 15 15 15 14 14 15 15 15 15 15 15 15 15 15 15 15 15 15 14 14 14 15 15 15 15 15 15 15 15 15 16 16 17 17 17 17 17 18 19 19 19 6 6 6 6 19 19 20 20 20 20 20 20 20 20 20 20 20 20 19 19 19 19 19 19 19 19 19 19 18 18 18 18 18 17 17 17 17 6 6 6 6 17 17 16 16 16 16 17 17 17 17 16 17 17 17 17 17 17 17 17 16 16 17 17 17 17 17 17 16 16 16 16 16 16 16 15 14 14 14 14 14 14 14 14 14
15 15 15 15 15 15 15 15 14 15 15 15 15 15 15 15 15 16 15 15 15 15 15 15 14 15 15 15 15 15 15 15 15 15 17 17 17 17 17 17 18 18 19 19 19 19 6 6 6 6 6 20 20 20 20 20 20 20 20 20 20 20 20 20 20 19 19 19 19 19 19 19 19 19 19 18 18 18 18 18 6 6 6 6 6 17 17 17 16 16 17 17 17 17 17 17 17 17 17 17 17 17 17 17 17 16 17 17 17 17 17 17 17 16 16 16 16 16 16 16 16 15 14 14 14 14 14 14 14 14
16 15 15 15 15 15 15 15 15 16 15 15 15 15 15 15 15 16 16 15 15 15 15 15 15 16 16 16 16 16 16 16 16 16 17 17 17 17 18 18 18 18 18 18 18 18 18 6 6 6 6 6 19 19 19 19 20 20 19 19 19 19 19 19 19 19 19 18 18 18 18 18 18 18 18 18 17 17 17 6 6 6 6 6 17 17 17 17 17 17 17 17 17 17 17 18 17 17 17 17 17 17 17 17 18 17 17 17 17 17 17 17 17 17 17 16 16 16 16 16 16 15 15 14 14 14 14 14 14 14
16 16 16 16 16 15 15 15 15 16 16 15 15 15 15 15 15 16 16 16 16 15 15 15 15 16 16 16 16 16 16 16 16 16 17 17 17 18 18 18 18 18 18 18 18 18 19 19 6 6 6 6 6 6 20 20 20 20 20 20 20 20 19 19 19 19 19 19 18 18 18 18 18 18 18 18 18 6 6 6 6 6 6 17 17 17 17 17 17 17 17 17 17 18 18 18 17 17 17 17 17 17 17 18 18 17 17 17 17 18 18 18 18 17 17 17 17 17 17 16 16 15 15 15 14 14 14 14 14 14
16 16 16 16 16 16 16 15 15 16 16 16 16 15 15 15 15 16 16 16 16 16 16 15 15 16 16 16 16 16 16 16 16 16 17 18 18 18 18 18 18 18 18 18 18 19 19 19 19 19 6 6 6 6 6 6 6 20 20 20 20 20 20 20 19 19 19 19 19 18 18 18 18 18 6 6 6 6 6 6 6 17 17 17 17 17 17 17 17 17 17 18 18 18 18 18 17 17 17 17 17 18 18 18 18 17 17 18 18 18 18 18 18 17 17 17 17 17 17 17 17 15 15 15 15 15 14 14 14 14
16 16 16 16 16 16 16 16 16 16 16 16 16 16 15 15 15 16 16 16 16 16 16 16 16 16 16 16 16 16 16 16 17 17 18 18 18 18 18 18 18 18 18 18 19 19 19 19 20 20 20 20 6 6 6 6 6 6 6 6 20 20 20 20 20 20 19 19 19 19 18 6 6 6 6 6 6 6 6 18 18 18 17 17 17 17 17 17 17 18 18 18 18 18 18 18 17 17 17 17 18 18 18 18 18 18 18 18 18 18 18 18 18 17 17 17 17 17 17 17 17 16 15 15 15 15 15 14 14 14
17 17 17 16 16 16 16 16 16 17 16 16 16 16 16 15 15 16 16 16 16 16 16 16 16 17 17 17 17 17 17 17 17 17 18 18 18 18 18 18 18 18 18 19 19 19 19 20 20 20 20 20 20 20 6 6 6 6 6 6 6 6 6 6 6 6 6 6 6 6 6 6 6 6 6 6 6 18 18 18 18 18 18 18 18 18 18 18 18 18 18 18 18 18 18 18 17 17 17 18 18 18 18 18 19 18 18 18 18 18 18 19 19 18 18 18 17 17 17 17 17 16 16 15 15 15 15 15 14 14
17 17 17 17 17 17 16 16 16 17 17 17 16 16 16 16 15 16 16 16 16 16 16 16 16 17 17 17 17 17 17 17 17 17 18 18 18 18 18 18 18 19 19 19 19 19 20 20 20 20 20 20 21 21 21 21 6 6 6 6 6 6 6 6 6 6 6 6 6 6 6 6 6 6 6 18 18 18 18 18 18 18 18 18 18 18 18 18 18 18 18 18 18 18 18 18 17 17 18 18 18 18 18 19 19 18 18 18 19 19 19 19 19 18 18 18 18 18 18 17 17 16 16 16 16 15 15 15 15 14
17 17 17 17 17 17 17 16 16 17 17 17 16 16 16 16 16 16 16 16 16 16 16 16 16 17 17 17 17 17 17 17 17 17 18 18 18 18 18 18 18 19 19 19 19 20 20 20 20 20 21 21 21 21 21 21 21 21 21 21 6 6 6 6 6 6 6 6 6 6 6 19 19 19 18 18 18 18 18 18 18 18 18 18 18 18 18 18 18 18 18 18 18 18 18 18 17 18 18 18 18 18 19 19 19 18 18 19 19 19 19 19 19 18 18 18 18 18 18 18 17 16 16 16 16 16 15 15 15 15
17 17 17 17 17 17 17 17 16 17 17 17 17 16 16 16 16 17 16 16 16 16 16 16 16 17 17 17 17 17 17 17 17 17 18 18 18 18 18 18 19 19 19 19 20 20 20 20 20 21 21 21 21 21 21 21 21 21 21 21 21 21 21 21 21 20 20 20 20 20 19 19 19 19 18 18 18 18 18 18 18 18 18 18 18 18 18 18 18 18 18 18 18 18 18 18 18 18 18 18 18 19 19 19 19 18 19 19 19 19 19 19 19 18 18 18 18 18 18 18 18 16 16 16 16 16 15 15 15 15
17 17 17 17 17 17 17 17 17 17 17 17 17 17 16 16 16 17 16 16 16 16 16 16 16 17 17 17 17 17 17 17 17 17 17 17 17 17 17 18 18 18 18 18 19 19 19 19 19 20 20 20 20 20 20 20 20 20 20 20 20 20 20 20 20 20 19 19 19 19 18 18 18 18 18 17 17 17 17 17 17 17 17 17 17 17 17 17 17 17 17 17 17 17 17 17 18 18 18 18 19 19 19 19 19 19 19 19 19 19 19 19 19 18 18 18 18 18 18 18 18 17 16 16 16 16 16 15 15 15
17 17 17 17 17 17 17 17 17 18 17 17 17 17 16 16 16 17 17 16 16 16 16 16 16 17 17 17 17 17 17 17 17 17 17 17 17 17 17 18 18 18 18 19 19 19 19 19 20 20 20 20 20 20 20 20 20 20 20 20 20 20 20 20 20 20 19 19 19 19 19 18 18 18 18 17 17 17 17 17 17 17 17 17 17 17 17 17 17 17 17 17 17 17 17 18 18 18 18 18 19 19 19 19 19 19 19 19 19 19 19 19 19 18 18 18 18 18 18 18 18 17 17 16 16 16 16 15 15 15
17 17 17 17 17 17 17 17 17 18 17 17 17 17 17 16 16 17 17 16 16 16 16 16 16 17 17 17 17 17 17 17 17 17 17 17 17 17 18 18 18 18 18 19 19 19 19 19 20 20 20 20 20 20 20 20 20 20 20 20 20 20 20 20 20 20 19 19 19 19 19 18 18 18 18 18 17 17 17 17 17 17 17 17 17 17 17 17 17 17 17 17 17 17 17 18 18 18 18 18 19 19 19 19 20 19 19 19 19 19 19 19 19 18 18 18 18 18 18 18 18 17 17 16 16 16 16 16 15 15
17 17 17 17 17 17 17 17 17 18 17 17 17 17 17 16 16 17 17 16 16 16 16 16 16 17 17 17 17 17 17 17 17 17 17 17 17 17 18 18 18 18 18 19 19 19 19 19 20 20 20 20 20 20 20 20 20 20 20 20 20 20 20 20 20 20 19 19 19 19 19 18 18 18 18 18 17 17 17 17 17 17 17 17 17 17 17 17 17 17 17 17 17 17 17 18 18 18 18 19 19 19 19 19 20 19 19 19 19 19 19 19 19 18 18 18 18 18 18 18 18 17 17 16 16 16 16 16 15 15
17 17 17 17 17 17 17 17 17 18 17 17 17 17 17 16 16 17 17 16 16 16 16 16 16 17 17 17 17 17 17 17 17 17 17 17 17 17 18 18 18 18 18 19 19 19 19 19 20 20 20 20 20 20 20 20 20 20 20 20 20 20 20 20 20 20 19 19 19 19 19 18 18 18 18 18 17 17 17 17 17 17 17 17 17 17 17 17 17 17 17 17 17 17 17 18 18 18 18 18 19 19 19 19 20 19 19 19 19 19 19 19 19 18 18 18 18 18 18 18 18 17 17 16 16 16 16 16 15 15
17 17 17 17 17 17 17 17 17 17 17 17 17 17 16 16 16 17 17 16 16 16 16 16 16 17 17 17 17 17 17 17 17 17 17 17 17 17 17 18 18 18 18 19 19 19 19 19 20 20 20 20 20 20 20 20 20 20 20 20 20 20 20 20 20 20 19 19 19 19 19 18 18 18 18 17 17 17 17 17 17 17 17 17 17 17 17 17 17 17 17 17 17 17 17 18 18 18 18 18 19 19 19 19 19 19 19 19 19 19 19 19 19 18 18 18 18 18 18 18 18 17 17 16 16 16 16 15 15 15
17 17 17 17 17 17 17 17 17 17 17 17 17 17 16 16 16 17 16 16 16 16 16 16 16 17 17 17 17 17 17 17 17 17 17 17 17 17 17 18 18 18 18 18 19 19 19 19 19 20 20 20 20 20 20 20 20 20 20 20 20 20 20 20 20 19 19 19 19 19 18 18 18 18 18 17 17 17 17 17 17 17 17 17 17 17 17 17 17 17 17 17 17 17 17 17 18 18 18 18 19 19 19 19 19 19 19 19 19 19 19 19 19 18 18 18 18 18 18 18 18 17 16 16 16 16 16 15 15 15
17 17 17 17 17 17 17 17 16 17 17 17 17 16 16 16 16 17 16 16 16 16 16 16 16 17 17 17 17 17 17 17 17 17 17 17 17 17 17 17 18 18 18 18 19 19 19 19 19 20 20 20 20 20 20 20 20 20 20 20 20 20 20 20 20 19 19 19 19 19 18 18 18 18 17 17 17 17 17 17 17 17 17 17 17 17 17 17 17 17 17 17 17 17 17 17 18 18 18 18 18 19 19 19 19 18 19 19 19 19 19 19 19 18 18 18 18 18 18 18 18 16 16 16 16 16 15 15 15 15
17 17 17 17 17 17 17 16 16 17 17 17 16 16 16 16 16 16 16 16 16 16 16 16 16 17 17 17 17 17 17 17 17 17 17 17 17 17 17 17 17 18 18 18 18 19 19 19 19 19 19 20 20 20 20 20 20 20 20 20 20 20 20 20 19 19 19 19 19 18 18 18 18 17 17 17 17 17 17 17 17 17 17 17 17 17 17 17 17 17 17 17 17 17 17 17 17 18 18 18 18 18 19 19 19 18 18 19 19 19 19 19 19 18 18 18 18 18 18 18 17 16 16 16 16 15 15 15 15 15
17 17 17 17 17 16 16 16 16 17 17 16 16 16 16 16 15 16 16 16 16 16 16 16 16 16 16 16 16 16 16 16 16 16 16 16 16 16 16 16 16 16 17 17 17 17 18 18 18 18 18 18 19 19 19 19 19 19 19 19 19 19 18 18 18 18 18 18 17 17 17 17 17 16 16 16 16 16 16 16 16 16 16 16 16 16 16 16 16 16 16 16 16 16 16 16 16 16 17 17 17 17 17 18 18 18 18 18 18 19 19 19 19 18 18 18 18 18 18 17 17 16 16 16 16 15 15 15 15 14
17 17 17 16 16 16 16 16 16 17 16 16 16 16 16 15 15 16 16 16 16 16 16 16 16 16 16 16 16 16 16 16 16 16 16 16 16 16 16 16 16 16 16 17 17 17 17 18 18 18 18 18 18 18 18 19 19 19 19 18 18 18 18 18 18 18 18 17 17 17 17 17 16 16 16 16 16 16 16 16 16 16 16 16 16 16 16 16 16 16 16 16 16 16 16 16 16 16 16 17 17 17 17 17 18 18 18 18 18 18 18 19 19 18 18 18 17 17 17 17 17 16 16 15 15 15 15 15 14 14
16 16 16 16 16 16 16 16 16 16 16 16 16 16 15 15 15 16 16 16 16 16 16 16 16 15 15 15 15 15 15 15 15 16 16 16 16 16 16 16 16 16 16 16 17 17 17 17 17 18 18 18 18 18 18 18 18 18 18 18 18 18 18 18 18 18 17 17 17 17 16 16 16 16 16 16 16 16 16 16 16 15 15 15 15 15 15 15 15 16 16 16 16 16 16 16 16 16 16 16 17 17 17 17 17 18 18 18 18 18 18 18 18 17 17 17 17 17 17 17 17 16 15 15 15 15 15 14 14 14
16 16 16 16 16 16 16 15 15 16 16 16 16 15 15 15 15 16 16 16 16 16 16 15 15 15 15 15 15 15 15 15 15 15 15 16 16 16 16 16 16 16 16 16 16 17 17 17 17 17 18 18 18 18 18 18 18 18 18 18 18 18 18 18 17 17 17 17 17 16 16 16 16 16 16 16 16 16 16 15 15 15 15 15 15 15 15 15 15 15 15 16 16 16 16 16 16 16 16 16 16 17 17 17 17 17 17 18 18 18 18 18 18 17 17 17 17 17 17 17 16 15 15 15 15 15 14 14 14 14
16 16 16 16 16 15 15 15 15 16 16 15 15 15 15 15 15 16 16 16 16 15 15 15 15 15 15 15 15 15 15 15 15 15 15 15 15 16 16 16 16 16 16 16 16 16 17 17 17 17 17 17 18 18 18 18 18 18 18 18 18 18 17 17 17 17 17 17 16 16 16 16 16 16 16 16 16 15 15 15 15 15 15 15 15 15 15 15 15 15 15 15 15 16 16 16 16 16 16 16 16 16 16 17 17 17 17 17 17 18 18 18 18 17 17 17 17 17 16 16 16 15 15 15 14 14 14 14 14 14
15 15 15 15 15 15 15 15 15 16 15 15 15 15 15 15 15 16 16 15 15 15 15 15 15 15 15 15 14 14 15 15 15 15 15 15 15 15 16 16 16 16 16 16 16 16 16 16 17 17 17 17 17 17 17 17 17 17 17 17 17 17 17 17 17 17 16 16 16 16 16 16 16 16 16 16 15 15 15 15 15 15 15 15 14 14 15 15 15 15 15 15 15 15 15 16 16 16 16 16 16 16 16 16 17 17 17 17 17 17 17 17 17 16 16 16 16 16 16 16 16 15 15 14 14 14 14 14 14 14
15 15 15 15 15 15 15 15 14 15 15 15 15 15 15 15 15 16 15 15 15 15 15 15 14 14 14 14 14 14 14 14 14 14 15 15 15 15 15 15 16 16 16 16 16 16 16 16 16 17 17 17 17 17 17 17 17 17 17 17 17 17 17 17 17 16 16 16 16 16 16 16 16 16 15 15 15 15 15 15 14 14 14 14 14 14 14 14 14 14 15 15 15 15 15 15 16 16 16 16 16 16 16 16 16 16 17 17 17 17 17 17 17 16 16 16 16 16 16 16 16 14 14 14 14 14 14 14 14 14
15 15 15 15 15 15 14 14 14 15 15 15 15 15 15 15 15 15 15 15 15 15 14 14 14 14 14 14 14 14 14 14 14 14 14 14 15 15 15 15 15 16 16 16 16 16 16 16 16 16 16 17 17 17 17 17 17 17 17 17 17 17 17 16 16 16 16 16 16 16 16 16 16 15 15 15 15 15 14 14 14 14 14 14 14 14 14 14 14 14 14 14 15 15 15 15 15 15 16 16 16 16 16 16 16 16 16 16 17 17 17 17 17 16 16 16 16 16 16 16 15 14 14 14 14 14 14 14 14 14
15 15 15 15 14 14 14 14 14 15 15 15 15 15 15 14 14 14 14 14 13 13 13 13 13 13 13 13 13 13 13 13 13 13 13 13 13 14 14 14 14 14 15 15 15 15 15 15 15 15 15 15 15 16 16 16 16 16 16 16 16 15 15 15 15 15 15 15 15 15 15 15 14 14 14 14 14 13 13 13 13 13 13 13 13 13 13 13 13 13 13 13 13 13 14 14 14 14 14 15 15 15 15 15 15 15 15 15 15 15 16 16 16 16 16 16 16 15 15 15 15 14 14 14 14 14 14 14 13 13
14 14 14 14 14 14 14 14 14 15 15 15 15 15 14 14 14 14 14 13 13 13 13 13 13 13 12 12 12 12 12 12 13 13 13 13 13 13 13 14 14 14 14 15 15 15 15 15 15 15 15 15 15 15 15 15 15 15 15 15 15 15 15 15 15 15 15 15 15 15 15 14 14 14 14 13 13 13 13 13 13 13 13 12 12 12 12 12 13 13 13 13 13 13 13 14 14 14 14 14 15 15 15 15 15 15 15 15 15 15 15 15 15 15 15 15 15 15 15 15 15 14 14 14 14 14 14 13 13 13
14 14 14 14 14 14 14 14 14 15 15 15 15 14 14 14 14 14 13 13 13 13 13 13 12 12 12 12 12 12 12 12 12 12 13 13 13 13 13 13 14 14 14 14 15 15 15 15 15 15 15 15 15 15 15 15 15 15 15 15 15 15 15 15 15 15 15 15 15 15 14 14 14 14 13 13 13 13 13 13 12 12 12 12 12 12 12 12 12 12 13 13 13 13 13 13 14 14 14 14 14 15 15 15 15 15 15 15 15 15 15 15 15 15 15 15 15 15 15 15 15 14 14 14 14 14 13 13 13 13
14 14 14 14 14 14 14 14 14 15 15 15 14 14 14 14 14 13 13 13 13 13 12 12 12 12 12 12 12 12 12 12 12 12 12 13 13 13 13 13 13 14 14 14 14 15 15 15 15 15 15 15 15 15 15 15 15 15 15 15 15 15 15 15 15 15 15 15 15 14 14 14 14 13 13 13 13 13 13 12 12 12 12 12 12 12 12 12 12 12 12 12 13 13 13 13 13 14 14 14 14 14 15 15 15 15 15 15 15 15 15 15 15 15 15 15 15 15 15 15 15 14 14 14 14 13 13 13 13 13
14 14 14 14 14 14 14 14 14 15 15 14 14 14 14 14 13 13 13 13 13 12 12 12 12 12 12 12 12 12 12 12 12 12 12 12 13 13 13 13 13 13 14 14 14 14 15 15 15 15 15 15 15 15 15 15 15 15 15 15 15 15 15 15 15 15 15 15 14 14 14 14 14 13 13 13 13 13 12 12 12 12 12 12 12 12 12 12 12 12 12 12 12 13 13 13 13 13 14 14 14 14 14 15 15 15 15 15 15 15 15 15 15 15 15 15 15 15 15 15 15 14 14 14 14 13 13 13 13 12
14 14 14 14 14 14 14 14 14 15 15 14 14 14 14 13 13 13 13 13 12 12 12 12 12 12 12 12 12 12 12 12 12 12 12 12 12 13 13 13 13 13 14 14 14 14 14 15 15 15 15 15 15 15 15 15 15 15 15 15 15 15 15 15 15 15 15 14 14 14 14 14 13 13 13 13 13 12 12 12 12 12 12 12 12 12 12 12 12 12 12 12 12 12 13 13 13 13 13 14 14 14 14 15 15 15 15 15 15 15 15 15 15 15 15 15 15 15 15 15 15 14 14 14 13 13 13 13 13 12
14 14 14 14 14 14 14 14 14 15 14 14 14 14 14 13 13 13 13 13 12 12 12 12 12 12 12 12 12 12 12 12 12 12 12 12 12 12 13 13 13 13 13 14 14 14 14 15 15 15 15 15 15 15 15 15 15 15 15 15 15 15 15 15 15 15 15 14 14 14 14 14 13 13 13 13 12 12 12 12 12 12 12 12 12 12 12 12 12 12 12 12 12 12 13 13 13 13 13 14 14 14 14 14 15 15 15 15 15 15 15 15 15 15 15 15 15 15 15 15 15 14 14 13 13 13 13 13 12 12
14 14 14 14 14 14 14 14 14 15 14 14 14 14 14 13 13 13 13 12 12 12 12 12 12 12 12 12 12 12 12 12 12 12 12 12 12 12 13 13 13 13 13 14 14 14 14 14 15 15 15 15 15 15 15 15 15 15 15 15 15 15 15 15 15 15 15 14 14 14 14 13 13 13 13 13 12 12 12 12 12 12 12 12 12 12 12 12 12 12 12 12 12 12 12 13 13 13 13 14 14 14 14 14 15 15 15 15 15 15 15 15 15 15 15 15 15 15 15 15 15 14 14 13 13 13 13 13 12 12
14 14 14 14 14 14 14 14 14 14 13 13 13 13 13 12 12 12 12 11 11 11 11 11 11 11 11 11 11 11 11 11 11 11 11 11 11 11 12 12 12 12 12 13 13 13 13 13 14 14 14 14 14 14 14 14 14 14 14 14 14 14 14 14 14 14 13 13 13 13 13 12 12 12 12 12 11 11 11 11 11 11 11 11 11 11 11 11 11 11 11 11 11 11 11 12 12 12 12 13 13 13 13 13 14 14 14 14 14 14 14 14 14 14 14 14 14 14 14 14 14 14 14 13 13 13 13 13 12 12
14 14 14 14 14 14 14 14 14 14 13 13 13 13 13 12 12 12 12 11 11 11 11 11 11 11 11 11 11 11 11 11 11 11 11 11 11 11 12 12 12 12 12 13 13 13 13 13 14 14 14 14 14 14 14 14 14 14 14 14 14 14 14 14 14 14 14 13 13 13 13 12 12 12 12 12 11 11 11 11 11 11 11 11 11 11 11 11 11 11 11 11 11 11 11 12 12 12 12 13 13 13 13 13 14 14 14 14 14 14 14 14 14 14 14 14 14 14 14 14 14 14 14 13 13 13 13 13 12 12
14 14 14 14 14 14 14 14 14 14 13 13 13 13 13 12 12 12 12 12 11 11 11 11 11 11 11 11 11 11 11 11 11 11 11 11 11 11 12 12 12 12 12 13 13 13 13 14 14 14 14 14 14 14 14 14 14 14 14 14 14 14 14 14 14 14 14 13 13 13 13 13 12 12 12 12 11 11 11 11 11 11 11 11 11 11 11 11 11 11 11 11 11 11 12 12 12 12 12 13 13 13 13 13 14 14 14 14 14 14 14 14 14 14 14 14 14 14 14 14 14 14 14 13 13 13 13 13 12 12
14 14 14 14 14 14 14 14 14 14 14 13 13 13 13 12 12 12 12 12 11 11 11 11 11 11 11 11 11 11 11 11 11 11 11 11 11 12 12 12 12 12 13 13 13 13 13 14 14 14 14 14 14 14 14 14 14 14 14 14 14 14 14 14 14 14 14 13 13 13 13 13 12 12 12 12 12 11 11 11 11 11 11 11 11 11 11 11 11 11 11 11 11 11 12 12 12 12 12 13 13 13 13 14 14 14 14 14 14 14 14 14 14 14 14 14 14 14 14 14 14 14 14 14 13 13 13 13 13 12
14 14 14 14 14 14 14 14 14 14 14 14 13 13 13 13 12 12 12 12 12 11 11 11 11 11 11 11 11 11 11 11 11 11 11 11 12 12 12 12 12 13 13 13 13 13 14 14 14 14 14 14 14 14 14 14 14 14 14 14 14 14 14 14 14 14 14 14 13 13 13 13 13 12 12 12 12 12 11 11 11 11 11 11 11 11 11 11 11 11 11 11 11 12 12 12 12 12 13 13 13 13 13 14 14 14 14 14 14 14 14 14 14 14 14 14 14 14 14 14 14 14 14 14 14 13 13 13 13 12
14 14 14 14 14 14 14 14 14 14 14 14 13 13 13 13 13 12 12 12 12 12 11 11 11 11 11 11 11 11 11 11 11 11 11 12 12 12 12 12 12 13 13 13 13 14 14 14 14 14 14 14 14 14 14 14 14 14 14 14 14 14 14 14 14 14 14 14 14 13 13 13 13 12 12 12 12 12 12 11 11 11 11 11 11 11 11 11 11 11 11 11 12 12 12 12 12 13 13 13 13 13 14 14 14 14 14 14 14 14 14 14 14 14 14 14 14 14 14 14 14 14 14 14 14 13 13 13 13 13
14 14 14 14 14 14 14 14 14 14 14 14 14 13 13 13 13 13 12 12 12 12 12 12 11 11 11 11 11 11 11 11 11 11 12 12 12 12 12 12 13 13 13 13 14 14 14 14 14 14 14 14 14 14 14 14 14 14 14 14 14 14 14 14 14 14 14 14 14 14 13 13 13 13 12 12 12 12 12 12 11 11 11 11 11 11 11 11 11 11 12 12 12 12 12 12 13 13 13 13 13 14 14 14 14 14 14 14 14 14 14 14 14 14 14 14 14 14 14 14 14 14 14 14 14 14 13 13 13 13
14 14 14 14 14 14 14 14 14 14 14 14 14 14 13 13 13 13 13 12 12 12 12 12 12 12 11 11 11 11 11 12 12 12 12 12 12 12 12 13 13 13 13 14 14 14 14 14 14 14 14 14 14 14 14 14 14 14 14 14 14 14 14 14 14 14 14 14 14 14 14 13 13 13 13 13 12 12 12 12 12 12 12 11 11 11 11 11 12 12 12 12 12 12 12 13 13 13 13 13 14 14 14 14 14 14 14 14 14 14 14 14 14 14 14 14 14 14 14 14 14 14 14 14 14 14 14 13 13 13
15 15 15 15 14 14 14 14 14 14 14 14 14 14 14 13 13 13 13 13 12 12 12 12 12 12 12 12 12 12 12 12 12 12 12 12 12 13 13 13 13 13 14 14 14 14 14 14 14 14 14 14 14 15 15 15 15 15 15 15 15 14 14 14 14 14 14 14 14 14 14 14 13 13 13 13 13 12 12 12 12 12 12 12 12 12 12 12 12 12 12 12 12 12 13 13 13 13 13 14 14 14 14 14 14 14 14 14 14 14 15 15 15 15 15 15 15 14 14 14 14 14 14 14 14 14 14 14 14 13
